0 0.510156 0.167644 0.035937 0.065651
0 0.501953 0.223329 0.050781 0.069168
0 0.537891 0.273154 0.049219 0.075029
0 0.535547 0.150645 0.052344 0.083236
0 0.610156 0.185815 0.046875 0.076202
0 0.598437 0.171747 0.032813 0.059789
0 0.641016 0.137749 0.044531 0.052755
0 0.648828 0.191090 0.049219 0.075029
0 0.684766 0.252052 0.050781 0.070340
0 0.635156 0.329426 0.037500 0.042204
0 0.600000 0.306565 0.032813 0.033998
0 0.316406 0.584408 0.054688 0.080891
0 0.303125 0.675850 0.054688 0.080891
0 0.348047 0.643611 0.052344 0.077374
0 0.316406 0.728019 0.057813 0.082063
0 0.282813 0.747362 0.023438 0.055100
0 0.294922 0.790152 0.049219 0.067995
0 0.336328 0.814185 0.047656 0.073857
0 0.322266 0.856389 0.047656 0.062134
0 0.552734 0.586166 0.064844 0.098476
0 0.503125 0.705158 0.051562 0.078546
0 0.509375 0.786635 0.056250 0.086753
0 0.525781 0.824150 0.043750 0.058617
0 0.541406 0.895662 0.054688 0.086753
0 0.561719 0.847011 0.045312 0.064478
0 0.570312 0.777843 0.056250 0.085580
0 0.596875 0.730363 0.053125 0.079719
0 0.624219 0.725674 0.053125 0.098476
0 0.614453 0.812427 0.055469 0.082063
0 0.642188 0.763775 0.031250 0.048066
0 0.600781 0.550996 0.057813 0.091442
0 0.617578 0.618406 0.055469 0.092614
0 0.656641 0.606096 0.066406 0.096131