1 0.183535 0.508427 0.057369 0.084270
1 0.193680 0.564080 0.065065 0.074789
1 0.237523 0.531074 0.056203 0.096559
1 0.247551 0.602879 0.056670 0.056180
0 0.268890 0.568645 0.042910 0.067065
1 0.300257 0.576369 0.062267 0.097261
1 0.288713 0.525808 0.053638 0.080407
1 0.306553 0.487008 0.068330 0.085674
1 0.362523 0.523350 0.065065 0.096559
1 0.375583 0.603406 0.063666 0.090239
1 0.348298 0.611833 0.045009 0.090239
1 0.399953 0.662570 0.063899 0.091994
1 0.434701 0.599719 0.061101 0.080056
1 0.438549 0.643258 0.039412 0.030899
1 0.414879 0.559340 0.066231 0.095506
1 0.465019 0.522121 0.055504 0.086376
1 0.470616 0.553546 0.049440 0.073385
1 0.410564 0.485077 0.063200 0.074087
1 0.416978 0.417486 0.069963 0.106039
1 0.484142 0.426264 0.067164 0.095506
1 0.260145 0.425562 0.055737 0.075843
1 0.301423 0.399403 0.060401 0.090941
1 0.353778 0.432584 0.062966 0.089888
1 0.352146 0.343048 0.063899 0.100421
1 0.413130 0.287570 0.052938 0.048455
1 0.405084 0.323385 0.056437 0.089185
1 0.387593 0.392556 0.034049 0.051966
1 0.458722 0.340941 0.065299 0.095506
1 0.508396 0.362711 0.059701 0.086376
1 0.553755 0.347612 0.064132 0.101124
1 0.497668 0.448385 0.062966 0.089185
1 0.528918 0.511060 0.064366 0.094452
1 0.564832 0.581110 0.041045 0.087781
0 0.585588 0.590239 0.034515 0.059691
0 0.609492 0.626053 0.047808 0.074438
1 0.618354 0.535990 0.065532 0.098666
0 0.653918 0.543539 0.017257 0.049860
1 0.725047 0.553020 0.063899 0.096910
0 0.753615 0.490871 0.034282 0.043539
0 0.758629 0.439782 0.048507 0.074087
0 0.626049 0.440485 0.039412 0.034761
1 0.561217 0.446454 0.070662 0.109902
1 0.604711 0.382198 0.060168 0.093048