0 0.209386 0.345839 0.069577 0.073613
1 0.195766 0.471017 0.085002 0.098506
1 0.250082 0.443812 0.096488 0.104552
0 0.252051 0.381223 0.069577 0.049787
1 0.327699 0.478485 0.040368 0.055121
1 0.276994 0.546586 0.085330 0.092461
1 0.294060 0.562767 0.075484 0.080725
0 0.339678 0.584993 0.063669 0.069701
0 0.348375 0.608108 0.060715 0.039829
0 0.396291 0.567390 0.055464 0.052987
1 0.376272 0.517248 0.095504 0.100640
1 0.460945 0.553165 0.070561 0.060100
1 0.450935 0.499822 0.075484 0.096373
1 0.484575 0.488442 0.051526 0.080014
1 0.433049 0.420697 0.084345 0.086771