1 0.043506 0.563139 0.086381 0.125834
1 0.051545 0.667852 0.103090 0.145843
0 0.087169 0.528902 0.048865 0.060027
1 0.111602 0.626501 0.040353 0.104046
1 0.181116 0.619831 0.116961 0.160071
1 0.124685 0.716318 0.035624 0.126278
1 0.081021 0.791908 0.090164 0.126278
0 0.160151 0.733437 0.075662 0.097377
1 0.233134 0.759004 0.094262 0.136950
0 0.220839 0.681636 0.040668 0.048911
0 0.209962 0.543797 0.062421 0.077368
0 0.261822 0.626945 0.059584 0.099600
0 0.386665 0.735216 0.072194 0.098266
0 0.347730 0.677412 0.075662 0.107159
0 0.412831 0.647621 0.073455 0.097377
0 0.359552 0.586928 0.062106 0.087150
0 0.307377 0.599822 0.078184 0.107603
0 0.274590 0.507559 0.082598 0.113384
0 0.353562 0.497999 0.075347 0.107603
1 0.452711 0.576256 0.090794 0.120943
1 0.578342 0.513117 0.088588 0.129835
1 0.587327 0.620498 0.094578 0.138284
0 0.535782 0.627612 0.037516 0.106269
1 0.641709 0.593153 0.052648 0.054246
0 0.676387 0.548021 0.068411 0.116052