1 0.312704 0.345282 0.084967 0.121324
0 0.267157 0.427390 0.055964 0.084559
0 0.309845 0.499081 0.064542 0.101716
1 0.286969 0.271293 0.082516 0.124694
0 0.357128 0.485447 0.043913 0.068321
1 0.372447 0.409007 0.072100 0.123775
1 0.243770 0.485447 0.065155 0.096507
1 0.353043 0.298100 0.058619 0.114583
1 0.212010 0.313419 0.067810 0.111520
1 0.334967 0.540441 0.058415 0.048407
1 0.248060 0.236520 0.068832 0.072304
1 0.224775 0.367953 0.060662 0.080270
1 0.246426 0.395833 0.068423 0.118260
0 0.294833 0.534467 0.039420 0.068321
0 0.296671 0.456648 0.058211 0.080576
1 0.323938 0.419271 0.024101 0.041360
1 0.334763 0.454810 0.022059 0.027880