1 0.301266 0.308364 0.076389 0.100797
1 0.280127 0.407169 0.069240 0.116422
1 0.251634 0.400582 0.044526 0.124694
1 0.321691 0.342525 0.041258 0.056373
1 0.316789 0.383578 0.017565 0.034926
1 0.343648 0.273131 0.038194 0.037684
1 0.347222 0.348346 0.035131 0.037377
1 0.375102 0.313725 0.072100 0.110907
1 0.357026 0.404718 0.068627 0.086397
1 0.282578 0.500460 0.040237 0.072610
1 0.315462 0.477941 0.081087 0.121936
1 0.382659 0.486213 0.067198 0.115809
0 0.527676 0.492034 0.072100 0.123162
0 0.577819 0.505055 0.031454 0.064645
0 0.565666 0.419884 0.041871 0.067096