1 0.284926 0.337209 0.086397 0.141085
0 0.323070 0.436434 0.063419 0.097674
0 0.447610 0.337209 0.064338 0.106977
1 0.499540 0.360465 0.072610 0.122481
0 0.457721 0.239535 0.044118 0.075969
1 0.443015 0.183721 0.042279 0.066667
1 0.425092 0.202326 0.026654 0.063566
1 0.495864 0.240310 0.067096 0.127132
0 0.545496 0.269767 0.056066 0.096124
0 0.592831 0.320155 0.068015 0.122481
0 0.554688 0.331008 0.032169 0.091473
1 0.591452 0.432558 0.085478 0.130233
1 0.677849 0.420930 0.092831 0.153488
1 0.661765 0.222481 0.082721 0.144186
0 0.628676 0.260465 0.036765 0.062016
0 0.743566 0.241860 0.064338 0.096124