0 0.527063 0.406097 0.059028 0.084865
0 0.314440 0.513940 0.054943 0.075061
0 0.501123 0.258119 0.052900 0.075674
0 0.469261 0.309743 0.055760 0.072304
0 0.360294 0.496477 0.050245 0.076287
1 0.341810 0.331801 0.085989 0.121324
0 0.479269 0.366268 0.051675 0.081801
0 0.448529 0.451287 0.054739 0.094363
0 0.555862 0.291360 0.069649 0.102328
1 0.321691 0.422181 0.078840 0.124387
1 0.274714 0.429534 0.062092 0.125000
1 0.372549 0.422794 0.039216 0.093137
0 0.409212 0.370251 0.036969 0.060968
1 0.497345 0.472580 0.053922 0.048100
1 0.481311 0.427696 0.070057 0.076593
1 0.448529 0.350643 0.011029 0.051777
1 0.507966 0.334252 0.024101 0.079044
1 0.555249 0.387102 0.067606 0.111213