1 0.451900 0.604779 0.076593 0.102328
1 0.508885 0.566942 0.085989 0.121017
0 0.536050 0.592831 0.041871 0.063725
0 0.503779 0.560355 0.048815 0.072917
0 0.504800 0.495251 0.048815 0.062806
0 0.532373 0.445006 0.049632 0.076287
0 0.551471 0.460018 0.041667 0.054841
0 0.558109 0.398591 0.050041 0.072304
0 0.475388 0.445159 0.050041 0.079657
0 0.506638 0.363051 0.074142 0.107230
0 0.452512 0.386949 0.060662 0.110294
0 0.449244 0.486520 0.059028 0.093750
1 0.424530 0.442708 0.038603 0.096201
0 0.426164 0.530025 0.056577 0.083333