0 0.434641 0.518382 0.096405 0.139706
0 0.448121 0.577819 0.059641 0.060049
0 0.517157 0.549632 0.075163 0.109069
0 0.502451 0.445466 0.080065 0.128676
0 0.569036 0.454657 0.064542 0.110294
0 0.528595 0.392770 0.031046 0.042892
0 0.542892 0.353554 0.036765 0.111520
0 0.500408 0.332108 0.062908 0.102941
0 0.457108 0.398897 0.084150 0.123775
0 0.366013 0.414828 0.104575 0.150735
0 0.427696 0.305147 0.097222 0.142157
0 0.366830 0.297181 0.029412 0.028186
0 0.343137 0.333333 0.086601 0.115196
0 0.365196 0.502451 0.058824 0.051471