1 0.557292 0.831342 0.074959 0.101409
1 0.441176 0.684589 0.081699 0.100184
1 0.623775 0.717065 0.095588 0.133885
1 0.519506 0.737745 0.090891 0.134191
1 0.575470 0.614277 0.094975 0.132353
1 0.408088 0.507200 0.082516 0.109375
0 0.489788 0.610141 0.053922 0.083640
1 0.522467 0.417126 0.074755 0.131434
1 0.574244 0.499234 0.081904 0.114277
1 0.417075 0.606618 0.079657 0.115809
0 0.517770 0.539216 0.055556 0.085784
0 0.376123 0.618107 0.044730 0.090993
1 0.510417 0.627145 0.066176 0.101103
0 0.573019 0.753523 0.031250 0.060355