0 0.440155 0.604320 0.078023 0.114890
0 0.463235 0.421262 0.069036 0.102328
0 0.574857 0.353094 0.054126 0.079350
0 0.553002 0.415288 0.059436 0.087316
1 0.426368 0.388634 0.070466 0.100184
1 0.493770 0.506434 0.079861 0.115809
1 0.505719 0.618566 0.076797 0.119485
0 0.377655 0.605239 0.058824 0.113664
1 0.369996 0.515165 0.021855 0.067708
1 0.409722 0.495404 0.090278 0.135417
0 0.476001 0.349724 0.038194 0.060355
0 0.493056 0.372702 0.058824 0.098346
0 0.508783 0.559283 0.077614 0.075674
0 0.542382 0.476869 0.050858 0.083640
0 0.535539 0.395527 0.050654 0.069853