0 0.221761 0.501875 0.046512 0.068750
0 0.258306 0.558125 0.051495 0.071250
1 0.278654 0.463125 0.070598 0.103750
0 0.283223 0.416875 0.049834 0.043750
1 0.338040 0.474375 0.051495 0.086250
0 0.357143 0.515000 0.043189 0.070000
0 0.382060 0.556250 0.046512 0.070000
1 0.349252 0.620625 0.057309 0.086250
0 0.401163 0.605000 0.048173 0.075000
0 0.428571 0.594375 0.024917 0.046250
0 0.414452 0.548750 0.034884 0.057500
0 0.433555 0.519375 0.056478 0.083750
0 0.449751 0.557500 0.049003 0.057500
0 0.468854 0.504375 0.039037 0.058750
0 0.419020 0.454375 0.042359 0.058750
1 0.398671 0.445000 0.063123 0.102500
0 0.461379 0.451875 0.045681 0.063750
0 0.454734 0.420000 0.055648 0.052500
1 0.483389 0.412500 0.043189 0.082500
1 0.510797 0.418750 0.053156 0.080000
1 0.525332 0.493750 0.055648 0.085000
1 0.492110 0.541250 0.050664 0.062500
1 0.537791 0.535625 0.063953 0.081250
0 0.553571 0.482500 0.022425 0.045000
0 0.567276 0.445000 0.036545 0.055000
0 0.551080 0.426875 0.040698 0.061250
0 0.536130 0.383125 0.039037 0.041250
1 0.535714 0.625000 0.064784 0.097500
1 0.593023 0.666250 0.064784 0.087500
0 0.563538 0.595625 0.029070 0.068750
0 0.607973 0.625000 0.049834 0.070000
1 0.603821 0.548750 0.054817 0.075000
1 0.617110 0.500625 0.063123 0.093750
1 0.627076 0.590000 0.081395 0.102500
1 0.664867 0.548750 0.067276 0.065000
0 0.672757 0.506250 0.051495 0.075000
1 0.686047 0.446250 0.061462 0.092500
1 0.636628 0.398750 0.062292 0.090000
0 0.649086 0.456250 0.025748 0.052500