1 0.431478 0.326250 0.088870 0.130000
0 0.411545 0.384375 0.037375 0.051250
0 0.477159 0.331875 0.032392 0.083750
1 0.444352 0.442500 0.073090 0.110000
1 0.476744 0.423750 0.053156 0.105000
1 0.424834 0.503750 0.053987 0.045000
1 0.544435 0.418750 0.088870 0.140000
1 0.450997 0.609375 0.089701 0.123750
1 0.517442 0.645000 0.089701 0.147500
0 0.482973 0.700000 0.050664 0.095000
0 0.558140 0.669375 0.023256 0.058750
0 0.487542 0.555000 0.056478 0.087500
1 0.559801 0.550000 0.093023 0.130000
1 0.584302 0.603750 0.058970 0.072500
1 0.630399 0.528750 0.073090 0.105000
1 0.629983 0.424375 0.080565 0.128750