0 0.592672 0.405941 0.130747 0.118812
0 0.540230 0.467203 0.114943 0.110149
0 0.577586 0.550124 0.074713 0.087871
0 0.642960 0.540223 0.122126 0.105198
0 0.637931 0.467203 0.083333 0.060644
0 0.673132 0.608292 0.056034 0.055693
0 0.739943 0.599629 0.123563 0.097772
0 0.707615 0.522277 0.070402 0.071782
0 0.822557 0.625000 0.113506 0.096535
0 0.829023 0.519802 0.103448 0.091584
0 0.862787 0.522896 0.110632 0.107673
0 0.844109 0.405941 0.058908 0.081683
0 0.891523 0.408416 0.067529 0.071782