1 0.489788 0.506159 0.091503 0.173913
1 0.497549 0.601993 0.079657 0.064130
0 0.530229 0.399819 0.081699 0.130072
0 0.446691 0.337681 0.041258 0.081159
0 0.486417 0.319928 0.041871 0.073913
0 0.468750 0.372826 0.048203 0.084058
0 0.447406 0.414130 0.047998 0.082609
0 0.545956 0.569203 0.055556 0.097101
0 0.567913 0.488587 0.054943 0.093841
0 0.592422 0.539312 0.050449 0.099638
0 0.578329 0.445652 0.035335 0.053623
0 0.518689 0.336594 0.037786 0.038406
0 0.480699 0.411051 0.021446 0.032246