0 0.506025 0.509420 0.061887 0.117391
0 0.472529 0.526087 0.033292 0.076812
0 0.489890 0.620833 0.061070 0.118478
0 0.518178 0.649638 0.051879 0.108696
0 0.522774 0.479348 0.040237 0.084783
0 0.515114 0.437862 0.026552 0.021377
0 0.570466 0.471377 0.051471 0.095652
0 0.560560 0.452899 0.047998 0.096377
0 0.512766 0.371558 0.072508 0.117029
0 0.536663 0.334420 0.028799 0.057246
1 0.490809 0.332428 0.062500 0.097464
1 0.468750 0.435507 0.069444 0.110870
1 0.451593 0.608514 0.058415 0.117029