1 0.485090 0.431341 0.066585 0.114855
1 0.512970 0.518841 0.060662 0.106522
1 0.560662 0.418841 0.052696 0.094203
1 0.592218 0.476449 0.059028 0.099275
1 0.612337 0.421196 0.055964 0.096739
1 0.635008 0.523188 0.056781 0.118841
0 0.557700 0.593478 0.045139 0.028986
0 0.558619 0.559058 0.043709 0.071739
1 0.470588 0.491123 0.005719 0.017754
0 0.394301 0.492029 0.040645 0.073913
0 0.400837 0.537681 0.039828 0.067391
0 0.419935 0.571739 0.046977 0.080435
0 0.417382 0.629891 0.042688 0.062681
0 0.460989 0.621196 0.041258 0.074275
0 0.463950 0.555616 0.044730 0.082246
0 0.441483 0.606703 0.011642 0.062681
0 0.492749 0.613043 0.039011 0.073188
0 0.511949 0.624819 0.025123 0.058333
0 0.519404 0.574094 0.040850 0.053261
0 0.476920 0.508696 0.024510 0.047826
0 0.597529 0.582790 0.039011 0.031522
0 0.594056 0.558696 0.042688 0.075362
0 0.553309 0.509601 0.032271 0.075725
0 0.537582 0.448732 0.043709 0.075000
0 0.518587 0.393841 0.033497 0.067391
0 0.434538 0.501630 0.040645 0.071377