1 0.468852 0.640399 0.079453 0.167029
1 0.465993 0.504529 0.067606 0.119203
1 0.583946 0.588587 0.071895 0.146739
0 0.549122 0.661051 0.061887 0.109058
0 0.573223 0.706703 0.052492 0.082246
0 0.522467 0.730616 0.053513 0.098913
0 0.528493 0.553986 0.056985 0.102899
0 0.487541 0.473551 0.054330 0.090580
0 0.534824 0.437681 0.055760 0.095652
0 0.561070 0.490399 0.058007 0.094565
0 0.534416 0.378804 0.029616 0.032971
0 0.486724 0.389674 0.065359 0.106884
0 0.518689 0.372464 0.013685 0.031159