1 0.557190 0.514855 0.073121 0.126087
0 0.457414 0.505797 0.060662 0.108696
0 0.443627 0.516304 0.040033 0.096377
0 0.514093 0.427355 0.065359 0.111957
0 0.460478 0.405254 0.052900 0.101812
0 0.439236 0.424457 0.023897 0.082246
0 0.493260 0.478804 0.045752 0.085145
0 0.503370 0.370109 0.048407 0.065580
0 0.592933 0.409783 0.066993 0.116667
0 0.550347 0.349275 0.053309 0.092754
0 0.558007 0.317754 0.061275 0.080435
0 0.612439 0.477536 0.048815 0.082609
0 0.607843 0.369565 0.041258 0.055072