1 0.426675 0.477899 0.114788 0.204348
0 0.397059 0.616304 0.060866 0.096377
0 0.400633 0.716848 0.071283 0.122101
0 0.448734 0.675725 0.059232 0.108696
0 0.481822 0.591486 0.056373 0.102536
0 0.522365 0.748188 0.076593 0.125362
1 0.574040 0.737681 0.026348 0.060145
0 0.560764 0.663587 0.056577 0.101812
0 0.614175 0.615580 0.068627 0.131884
0 0.495098 0.338768 0.070261 0.126087
0 0.435253 0.359601 0.064134 0.077174
0 0.500408 0.443841 0.049428 0.087681
0 0.533292 0.423007 0.062908 0.118478
0 0.381944 0.384601 0.052288 0.046014
0 0.362949 0.461413 0.050654 0.121377
0 0.363766 0.521920 0.041258 0.061232
0 0.374387 0.614312 0.049020 0.101812
0 0.535029 0.605616 0.057802 0.121377
0 0.580882 0.561957 0.060458 0.113768
0 0.545956 0.519928 0.061275 0.110145
0 0.509600 0.528080 0.058415 0.082971