1 0.345895 0.392572 0.114583 0.209058
1 0.321895 0.496739 0.050654 0.076087
1 0.383987 0.581341 0.125000 0.225000
0 0.444955 0.688225 0.076185 0.151087
0 0.483047 0.744746 0.067402 0.127899
0 0.500817 0.583877 0.082925 0.146014
0 0.540135 0.614312 0.077819 0.148913
0 0.544833 0.703986 0.069240 0.102174
1 0.561887 0.552536 0.066585 0.156522
0 0.437398 0.498007 0.088848 0.152536
0 0.500817 0.467029 0.070670 0.121739
0 0.440257 0.382971 0.077819 0.112319
0 0.495813 0.379891 0.059436 0.090217
0 0.423509 0.292391 0.088440 0.144928