1 0.414114 0.278804 0.153391 0.259058
1 0.413807 0.167391 0.129902 0.084783
1 0.590074 0.348188 0.029412 0.081159
0 0.320670 0.318659 0.092320 0.177899
0 0.276552 0.497645 0.091095 0.192391
0 0.358252 0.495471 0.130719 0.228623
0 0.375408 0.638406 0.096405 0.165942
0 0.473141 0.475725 0.135008 0.215217
0 0.445261 0.586232 0.067810 0.165942
0 0.508783 0.178080 0.079657 0.057609
0 0.536663 0.297826 0.114175 0.252174
0 0.596405 0.419384 0.088235 0.194565
0 0.577717 0.555254 0.112541 0.188043
0 0.643791 0.500906 0.057598 0.174275
0 0.687806 0.643116 0.097835 0.165217
0 0.628574 0.689493 0.112541 0.174638
0 0.613971 0.809239 0.098039 0.153986
0 0.539216 0.699275 0.085376 0.165217