0 0.474060 0.301993 0.101307 0.159783
0 0.462929 0.248551 0.082312 0.082609
1 0.497855 0.525000 0.049632 0.128261
1 0.590278 0.346014 0.021242 0.052174
0 0.411254 0.341486 0.062704 0.112681
0 0.389502 0.461957 0.071078 0.129710
0 0.444955 0.444384 0.082312 0.146739
0 0.453738 0.549094 0.065564 0.111232
0 0.520833 0.428442 0.081699 0.143116
0 0.529105 0.236051 0.051675 0.037319
0 0.552185 0.311413 0.079453 0.167029
0 0.598448 0.383877 0.062908 0.130072
0 0.563521 0.400000 0.026144 0.047826
0 0.586499 0.473913 0.072100 0.125362
0 0.568015 0.591304 0.059232 0.121014
0 0.621732 0.660870 0.068627 0.102899
0 0.627247 0.562681 0.075163 0.120290
0 0.668096 0.535507 0.067810 0.113768
0 0.636642 0.448551 0.039624 0.116667