0 0.477444 0.414921 0.092105 0.136126
0 0.476034 0.524215 0.068609 0.108639
0 0.517857 0.554974 0.090226 0.130890
0 0.590226 0.510471 0.088346 0.117801
0 0.535244 0.410995 0.064850 0.128272
0 0.608083 0.427356 0.071429 0.098168
0 0.641447 0.561518 0.057331 0.075916
0 0.678102 0.526178 0.091165 0.133508
0 0.733553 0.570026 0.061090 0.071990
0 0.762688 0.490838 0.096805 0.128272
0 0.757049 0.412304 0.072368 0.068063
0 0.677162 0.420812 0.076128 0.108639
0 0.679511 0.267670 0.086466 0.137435
0 0.648496 0.360602 0.088346 0.082461
0 0.731203 0.350785 0.077068 0.094241
0 0.851504 0.397251 0.101504 0.132199
0 0.800282 0.368455 0.078008 0.113874