1 0.357537 0.584239 0.137051 0.226449
1 0.478758 0.558333 0.124183 0.219565
1 0.311989 0.517754 0.047998 0.118116
0 0.355596 0.741123 0.110703 0.152536
1 0.422896 0.725362 0.032475 0.028986
0 0.356618 0.288406 0.081699 0.134058
0 0.431475 0.394928 0.086806 0.152174
0 0.363358 0.422826 0.065359 0.116667
0 0.321793 0.393659 0.067606 0.116304
0 0.434947 0.662862 0.081087 0.134420
0 0.570772 0.523188 0.079861 0.132609
0 0.526859 0.410326 0.070466 0.130797
0 0.544322 0.397464 0.064542 0.118841
0 0.393178 0.468478 0.016748 0.055072
0 0.407373 0.466304 0.022263 0.048551
0 0.481618 0.360326 0.048611 0.103986
0 0.381944 0.349275 0.068219 0.103623
0 0.424530 0.286775 0.062296 0.108333