1 0.369587 0.470471 0.153799 0.248913
1 0.378370 0.586775 0.059436 0.067029
1 0.386949 0.718659 0.122753 0.230072
1 0.554126 0.637681 0.128676 0.262319
0 0.476205 0.781522 0.077002 0.136957
0 0.458640 0.576268 0.106005 0.187319
0 0.484477 0.441848 0.077614 0.135870
0 0.513889 0.517572 0.029003 0.056884
0 0.559334 0.430797 0.063930 0.113043
0 0.590788 0.506341 0.063521 0.099638
0 0.614890 0.410688 0.062704 0.116304
0 0.612132 0.486594 0.017157 0.045652
0 0.555351 0.335507 0.066176 0.110870
0 0.493158 0.356522 0.067606 0.108696
0 0.433721 0.372283 0.054126 0.099638
0 0.450980 0.341123 0.030229 0.053261
0 0.385110 0.335326 0.049224 0.041667