1 0.673509 0.620471 0.125204 0.225000
1 0.675041 0.759601 0.080474 0.105435
1 0.739379 0.529348 0.111111 0.166667
1 0.718342 0.240217 0.128268 0.210145
1 0.789011 0.283152 0.090278 0.169928
1 0.659109 0.415036 0.109886 0.202536
1 0.484375 0.701812 0.079861 0.067391
1 0.461397 0.489493 0.068219 0.173913
1 0.499285 0.415399 0.059436 0.092391
0 0.746119 0.396196 0.072712 0.123551
0 0.799837 0.410870 0.066176 0.113768
0 0.604065 0.737319 0.083129 0.132609
0 0.573734 0.613406 0.075572 0.134783
0 0.544628 0.665942 0.063521 0.100725
0 0.515829 0.549275 0.093342 0.163043
0 0.468444 0.627899 0.064747 0.118841
0 0.423611 0.610870 0.064134 0.087681
0 0.576389 0.497464 0.066585 0.102174
0 0.522263 0.446739 0.059232 0.065942