1 0.497141 0.538043 0.098448 0.212319
1 0.564747 0.618297 0.087827 0.176449
1 0.698325 0.681884 0.040441 0.135507
1 0.590584 0.339312 0.103145 0.153986
0 0.529105 0.437138 0.046773 0.073551
0 0.574857 0.478261 0.080678 0.143478
0 0.595486 0.580435 0.083129 0.139855
0 0.650327 0.657065 0.090278 0.160507
0 0.744179 0.674819 0.101511 0.165580
0 0.700572 0.536594 0.090278 0.155797
0 0.775429 0.541123 0.084763 0.146739
0 0.764400 0.458514 0.036969 0.043116
0 0.712112 0.400181 0.094567 0.154710
0 0.766646 0.422464 0.036560 0.121014
0 0.678105 0.379348 0.045752 0.112319
0 0.624081 0.353261 0.090891 0.157246
0 0.646650 0.494384 0.067402 0.130797