0 0.264652 0.646729 0.078145 0.120347
1 0.474342 0.527647 0.159417 0.195157
1 0.386950 0.658656 0.124251 0.209975
0 0.294478 0.389772 0.073717 0.103000
0 0.504038 0.698591 0.113571 0.155403
0 0.344100 0.315143 0.087523 0.114926
0 0.278458 0.309902 0.054181 0.076979
0 0.392680 0.365920 0.089346 0.121793
0 0.352956 0.544814 0.071373 0.082761
0 0.229878 0.343874 0.065382 0.090712
0 0.184293 0.400795 0.074238 0.140224
0 0.346835 0.454825 0.077364 0.097217
0 0.250195 0.444886 0.086741 0.104084
1 0.277416 0.543188 0.095858 0.135164
0 0.405184 0.462053 0.060172 0.099386
0 0.465877 0.773581 0.067465 0.092880
0 0.275202 0.711962 0.047148 0.032526
0 0.309586 0.657029 0.029956 0.090351
1 0.512243 0.793097 0.036728 0.035779
0 0.442824 0.366100 0.027090 0.085291
0 0.401797 0.796350 0.069028 0.065414