1 0.394608 0.597886 0.102533 0.198836
1 0.503064 0.648591 0.122549 0.167279
0 0.473243 0.229167 0.068219 0.087623
0 0.655433 0.324295 0.073938 0.092831
1 0.604473 0.536152 0.125613 0.193627
0 0.347222 0.091605 0.098448 0.170956
1 0.443525 0.408088 0.122753 0.146446
0 0.540441 0.231005 0.063725 0.091299
0 0.456699 0.316023 0.077614 0.100797
1 0.598958 0.382966 0.092525 0.151961
0 0.654003 0.215993 0.076797 0.112132
1 0.469567 0.522518 0.123366 0.207414
0 0.446793 0.043811 0.052083 0.085172
0 0.400429 0.151501 0.043505 0.063419
0 0.522876 0.338848 0.069444 0.106005