0 0.159619 0.632159 0.040169 0.054332
0 0.177590 0.586637 0.044397 0.069016
0 0.210888 0.595448 0.045455 0.063142
0 0.196089 0.508076 0.043340 0.064611
0 0.233615 0.538913 0.052854 0.073421
0 0.238901 0.628488 0.033827 0.049927
0 0.265856 0.674009 0.049683 0.064611
0 0.288584 0.534508 0.052854 0.082232
0 0.321353 0.558003 0.042283 0.067548
0 0.357822 0.524229 0.045455 0.058737
0 0.381607 0.552129 0.050740 0.067548
0 0.445032 0.562408 0.040169 0.055800
0 0.403277 0.581498 0.015856 0.035242
0 0.414905 0.638032 0.047569 0.054332
0 0.433404 0.627019 0.046512 0.061674
0 0.381607 0.674009 0.048626 0.061674
0 0.616808 0.630690 0.049683 0.066079
0 0.663848 0.663730 0.040169 0.044053
0 0.670719 0.630690 0.062368 0.071953
0 0.647463 0.768722 0.066596 0.086637
0 0.695032 0.729075 0.066596 0.092511