1 0.580882 0.390319 0.108252 0.131740
1 0.618975 0.510263 0.167279 0.257047
0 0.397672 0.236826 0.071078 0.111520
1 0.467525 0.452819 0.137255 0.196691
0 0.362337 0.620711 0.076797 0.123162
1 0.552900 0.621324 0.135621 0.188725
0 0.315053 0.527267 0.061479 0.087010
1 0.362643 0.397672 0.120711 0.178309
0 0.377042 0.529105 0.072304 0.104167
1 0.444649 0.613664 0.094363 0.147059
1 0.472324 0.335018 0.108864 0.117341
0 0.362847 0.299326 0.046364 0.049632
0 0.427594 0.303768 0.046364 0.078738