0 0.709967 0.503676 0.081291 0.106005
0 0.550654 0.634804 0.083742 0.140319
1 0.656046 0.660692 0.124592 0.171262
1 0.515523 0.680300 0.108252 0.136336
0 0.731413 0.569547 0.078840 0.106618
1 0.454861 0.393842 0.091503 0.140012
1 0.614685 0.531863 0.126838 0.202206
0 0.597733 0.374694 0.115400 0.148897
0 0.510927 0.280331 0.093342 0.135417
0 0.580372 0.237592 0.060662 0.092218
0 0.698529 0.414828 0.089461 0.096201
1 0.508476 0.494332 0.106413 0.189032
0 0.528288 0.196538 0.066381 0.059743
0 0.521038 0.375460 0.052696 0.071385
0 0.455678 0.551471 0.094363 0.176471
0 0.672181 0.359222 0.034722 0.043811
0 0.582516 0.307904 0.066585 0.058824
0 0.672283 0.743719 0.074959 0.059743