0 0.359886 0.400735 0.058007 0.085784
0 0.391340 0.466299 0.058824 0.084559
0 0.426062 0.420956 0.058007 0.084559
0 0.373366 0.331495 0.053922 0.074755
0 0.427288 0.289828 0.053922 0.079657
0 0.397467 0.290441 0.033497 0.063725
0 0.471814 0.439951 0.053105 0.083333
0 0.521650 0.479167 0.049837 0.071078
0 0.534722 0.425245 0.066176 0.102941
1 0.574346 0.477941 0.055556 0.085784
0 0.594771 0.420956 0.055556 0.084559
0 0.622141 0.498162 0.051471 0.069853
0 0.640114 0.465686 0.062908 0.088235
0 0.598448 0.313113 0.064542 0.094363
0 0.632761 0.326593 0.051471 0.084559
0 0.560049 0.273284 0.058007 0.090686