0 0.518076 0.065411 0.078636 0.111826
0 0.675756 0.390472 0.125613 0.184130
1 0.589971 0.286612 0.140319 0.192096
0 0.694649 0.608303 0.114379 0.162684
0 0.667586 0.160999 0.075368 0.108150
0 0.611928 0.076746 0.088235 0.136336
1 0.507455 0.562806 0.126021 0.185049
0 0.579350 0.444853 0.081087 0.123162
0 0.440564 0.495864 0.051062 0.076900
0 0.548815 0.110907 0.071487 0.114583
0 0.722733 0.321078 0.114583 0.150123
0 0.801573 0.603094 0.098243 0.125306
0 0.784926 0.485907 0.126634 0.182598
1 0.621732 0.550705 0.106209 0.174939
1 0.465278 0.366268 0.129085 0.202512
0 0.656046 0.250613 0.044526 0.078431