1 0.550449 0.705423 0.143382 0.166973
1 0.769301 0.323836 0.181577 0.174020
0 0.611111 0.654565 0.085376 0.139400
0 0.638480 0.374234 0.076797 0.122243
0 0.801879 0.672335 0.120098 0.168811
0 0.862745 0.425705 0.166667 0.247243
1 0.526552 0.478094 0.202614 0.310355
0 0.928105 0.631587 0.130310 0.203125
1 0.855699 0.751225 0.154616 0.119485
0 0.709355 0.505668 0.168301 0.260723
1 0.696691 0.704350 0.116422 0.149510
0 0.966810 0.448223 0.043096 0.151961
0 0.985294 0.561428 0.027778 0.066483