0 0.529385 0.432986 0.186257 0.108960
1 0.615958 0.643708 0.269892 0.137751
0 0.591320 0.194713 0.120253 0.066270
1 0.828436 0.594689 0.158680 0.110697
0 0.735759 0.457061 0.137884 0.080665
0 0.778933 0.106850 0.157324 0.085133
1 0.791591 0.389054 0.155515 0.115413
0 0.833409 0.062050 0.155063 0.075949
0 0.728074 0.184413 0.141501 0.082899
1 0.809675 0.491561 0.150090 0.105982
0 0.679250 0.378630 0.165913 0.089104
0 0.684448 0.274386 0.117541 0.067262
0 0.561935 0.301191 0.159132 0.060809
0 0.622514 0.519360 0.219711 0.105982
0 0.510624 0.246463 0.124322 0.073964
0 0.760172 0.575825 0.114376 0.061057
1 0.448011 0.460784 0.140145 0.119384
0 0.505877 0.553735 0.072333 0.054108
0 0.574367 0.347481 0.174955 0.068503