0 0.459559 0.487745 0.038399 0.058824
0 0.496324 0.503064 0.053105 0.089461
1 0.473039 0.430760 0.053922 0.077206
0 0.467729 0.373162 0.035131 0.050245
0 0.514297 0.372549 0.064542 0.095588
0 0.566993 0.400735 0.055556 0.078431
0 0.543709 0.498162 0.061275 0.091912
0 0.571078 0.533701 0.040850 0.055147
0 0.569036 0.470588 0.038399 0.066176
0 0.613971 0.471814 0.056373 0.083333
0 0.630310 0.568015 0.059641 0.084559
0 0.649101 0.518995 0.066176 0.099265
0 0.662990 0.443015 0.053105 0.074755
0 0.712418 0.573529 0.070261 0.088235
0 0.704248 0.493873 0.052288 0.068627
0 0.711193 0.448529 0.058007 0.068627
0 0.731618 0.527574 0.048203 0.069853