1 0.667075 0.320925 0.040850 0.116115
1 0.633987 0.445159 0.092729 0.148897
0 0.646242 0.220588 0.041667 0.074142
1 0.529310 0.310968 0.073325 0.112132
1 0.507149 0.437500 0.046160 0.121324
0 0.505923 0.216452 0.042484 0.074449
1 0.546160 0.416973 0.085784 0.141544
1 0.608047 0.318321 0.102941 0.141544
0 0.599673 0.209865 0.052288 0.081495
0 0.548203 0.216452 0.045752 0.067096
1 0.569036 0.519761 0.083333 0.110600
0 0.506025 0.280944 0.030025 0.053922
0 0.622651 0.538297 0.026348 0.045956