0 0.700674 0.437040 0.062296 0.140625
0 0.598754 0.367341 0.054126 0.080270
0 0.424530 0.344363 0.090891 0.128064
0 0.495507 0.302390 0.076797 0.093137
0 0.554534 0.385110 0.042484 0.096201
0 0.657067 0.372702 0.064542 0.097120
0 0.734886 0.623468 0.047386 0.083946
0 0.547488 0.601869 0.070466 0.089154
0 0.749489 0.543045 0.059845 0.086091
0 0.404718 0.534007 0.072100 0.096201
0 0.553105 0.315411 0.038807 0.049939
0 0.541565 0.515472 0.052900 0.107537
0 0.504289 0.411612 0.095588 0.147978
0 0.595384 0.314338 0.073529 0.069853
0 0.492341 0.525429 0.061479 0.090686
0 0.598550 0.554841 0.069649 0.063725
0 0.423305 0.481924 0.094158 0.150123
0 0.736826 0.489737 0.059436 0.067096
0 0.591708 0.471354 0.085376 0.127757
0 0.489073 0.248621 0.099060 0.081189
0 0.377042 0.420956 0.055556 0.100490
0 0.653697 0.468597 0.065155 0.120404
0 0.742341 0.411152 0.028391 0.077206
0 0.845997 0.540441 0.066176 0.072917
0 0.658292 0.552849 0.049428 0.081189
0 0.677696 0.632047 0.067810 0.084559
0 0.695874 0.574295 0.066585 0.096507
0 0.708946 0.364124 0.045752 0.077512