0 0.647050 0.382187 0.104784 0.163097
1 0.878045 0.262120 0.175227 0.220594
0 0.881421 0.446825 0.140886 0.162345
1 0.605371 0.317926 0.097153 0.199173
0 0.711623 0.507892 0.084238 0.148440
1 0.641914 0.505825 0.100382 0.157835
0 0.786909 0.536640 0.103317 0.151071
0 0.796155 0.127772 0.072498 0.105975
1 0.857793 0.138106 0.054300 0.035701
0 0.768124 0.361330 0.174934 0.225855
0 0.718521 0.233747 0.150279 0.184141
0 0.698122 0.135475 0.088348 0.080045
0 0.743763 0.109357 0.063399 0.091695
0 0.850161 0.545660 0.057822 0.085682
1 0.928383 0.442879 0.113296 0.189778