0 0.484477 0.660539 0.052288 0.095588
0 0.510212 0.655637 0.058007 0.088235
0 0.565768 0.659926 0.059641 0.087010
0 0.580474 0.588235 0.062908 0.083333
0 0.562500 0.515931 0.053105 0.075980
0 0.502042 0.575980 0.054739 0.073529
0 0.474265 0.526348 0.049837 0.074755
0 0.482435 0.450368 0.053105 0.074755
0 0.527778 0.417892 0.055556 0.080882
0 0.556373 0.362132 0.047386 0.055147
0 0.540441 0.324755 0.048203 0.071078
0 0.518382 0.276348 0.044935 0.069853
0 0.432598 0.308211 0.049837 0.074755
0 0.406046 0.275123 0.027778 0.042892
0 0.383170 0.297181 0.039216 0.060049
0 0.375408 0.255515 0.035131 0.050245
0 0.380719 0.201593 0.057190 0.084559
0 0.431781 0.190564 0.053105 0.079657