0 0.396140 0.226562 0.066789 0.114890
0 0.488358 0.400429 0.134804 0.222426
0 0.394608 0.669271 0.097222 0.147978
0 0.350694 0.442555 0.062092 0.089767
0 0.401961 0.513174 0.115196 0.183824
0 0.534518 0.276348 0.102533 0.132966
0 0.532986 0.688572 0.078636 0.128370
0 0.588950 0.533088 0.130515 0.189338
0 0.724673 0.412377 0.088644 0.149510
0 0.672488 0.526501 0.063521 0.141238
0 0.289318 0.622396 0.066381 0.113051
0 0.294118 0.495098 0.073121 0.098039
1 0.635927 0.334559 0.160335 0.234069
0 0.482741 0.613511 0.104371 0.145527
0 0.641442 0.648284 0.047590 0.102328
0 0.452921 0.307445 0.052492 0.053002
0 0.592627 0.650735 0.083538 0.088848
0 0.408395 0.370251 0.074959 0.106311