1 0.340482 0.549173 0.111928 0.121630
1 0.413399 0.316789 0.084150 0.098039
1 0.630208 0.481311 0.098243 0.136029
0 0.540339 0.505208 0.061887 0.084559
0 0.287684 0.478401 0.074142 0.085478
1 0.488051 0.391697 0.101103 0.162684
1 0.669424 0.566330 0.045139 0.048713
1 0.561172 0.402267 0.064338 0.129902
1 0.395527 0.442862 0.120711 0.174939
0 0.759702 0.519761 0.065564 0.102022
0 0.703840 0.538603 0.053513 0.091912
1 0.713235 0.421109 0.099673 0.135110
1 0.497038 0.498315 0.047590 0.075674
1 0.440359 0.528186 0.083333 0.117034
1 0.501940 0.301777 0.074142 0.073529
0 0.351614 0.388174 0.056985 0.101716