0 0.468239 0.223805 0.068423 0.090993
1 0.549632 0.432904 0.173611 0.251225
0 0.495813 0.590227 0.130923 0.159007
1 0.612234 0.529105 0.094975 0.166667
0 0.564134 0.117341 0.055556 0.098039
0 0.104269 0.313266 0.132966 0.163297
0 0.533905 0.178922 0.086601 0.143382
0 0.141238 0.253370 0.100286 0.120711
0 0.142872 0.405637 0.076593 0.108456
1 0.613664 0.331955 0.115400 0.194547
0 0.502962 0.309743 0.104779 0.138480
1 0.438930 0.312347 0.038399 0.084865
0 0.588746 0.236213 0.074959 0.102328
1 0.423407 0.445925 0.091503 0.182904
0 0.653391 0.435202 0.035539 0.057904
0 0.012051 0.590074 0.023284 0.154412
0 0.009089 0.464461 0.016136 0.045343
0 0.058109 0.404105 0.084763 0.147672
0 0.024714 0.373775 0.048611 0.147672
0 0.027574 0.246170 0.055147 0.151654
0 0.035846 0.079504 0.069649 0.155944