1 0.410029 0.412531 0.066381 0.125306
1 0.516748 0.514400 0.091095 0.115196
1 0.715074 0.548407 0.059232 0.085172
1 0.457108 0.311581 0.118056 0.156863
1 0.462316 0.473958 0.101511 0.147672
1 0.659212 0.607384 0.055760 0.077512
1 0.646038 0.537990 0.065768 0.098652
0 0.670445 0.444547 0.047998 0.066176
0 0.605596 0.596661 0.051879 0.083640
0 0.621732 0.464767 0.046569 0.066176
1 0.544322 0.391238 0.092729 0.148284
1 0.705882 0.476716 0.026144 0.051471
0 0.684232 0.504749 0.042075 0.065870