1 0.636897 0.113913 0.082612 0.175652
1 0.682633 0.235304 0.135352 0.237565
1 0.764730 0.333913 0.112485 0.135652
0 0.555727 0.080870 0.101978 0.138087
1 0.549238 0.253217 0.121137 0.219826
0 0.718480 0.630783 0.101978 0.157565
1 0.649361 0.462087 0.146271 0.251478
0 0.489905 0.199652 0.055212 0.116870
0 0.783684 0.471304 0.118665 0.203130
1 0.614648 0.582783 0.105686 0.172870
0 0.583436 0.373565 0.080758 0.146087
0 0.778842 0.613913 0.046354 0.088348
1 0.625258 0.026609 0.087351 0.049739