1 0.727941 0.644455 0.162990 0.241728
1 0.564849 0.651654 0.156658 0.246936
0 0.594465 0.348958 0.101511 0.121324
0 0.423815 0.581801 0.101307 0.140931
0 0.517463 0.440870 0.104779 0.162990
0 0.632455 0.769301 0.106413 0.135417
0 0.417382 0.432292 0.094158 0.142770
1 0.732843 0.426930 0.123366 0.193321
0 0.644097 0.461397 0.146446 0.202819
0 0.494996 0.359375 0.093342 0.092525
0 0.538909 0.771293 0.078636 0.086703
0 0.464154 0.709099 0.101920 0.148591
1 0.644199 0.617341 0.040850 0.095588