1 0.735600 0.939185 0.100694 0.111826
1 0.748468 0.761642 0.079044 0.083946
0 0.655842 0.896599 0.072712 0.127145
0 0.771446 0.854167 0.067402 0.101103
1 0.704555 0.407016 0.143995 0.221507
0 0.609375 0.282782 0.131332 0.159926
1 0.652778 0.599265 0.146650 0.189951
1 0.774203 0.546262 0.125204 0.226103
0 0.574040 0.651961 0.053309 0.068627
1 0.702921 0.804381 0.084763 0.117341
0 0.534007 0.571232 0.085172 0.112439
0 0.799020 0.726562 0.055556 0.082414
0 0.835784 0.803156 0.078023 0.094056
0 0.821283 0.390625 0.060458 0.100490
1 0.798100 0.928768 0.040645 0.098346
0 0.713950 0.289522 0.048407 0.034314
0 0.559028 0.448223 0.143382 0.227328
0 0.786458 0.389400 0.054534 0.099877
1 0.679534 0.976562 0.038807 0.046875
0 0.831087 0.721661 0.037990 0.084252
0 0.810866 0.849265 0.040850 0.079044
0 0.866626 0.781097 0.055556 0.069547