0 0.510008 0.695772 0.082108 0.114583
1 0.446895 0.428615 0.131944 0.156863
0 0.396855 0.526961 0.110294 0.163603
0 0.322712 0.674786 0.073938 0.106924
0 0.325674 0.586397 0.063113 0.085172
0 0.520323 0.513940 0.078227 0.106924
0 0.667075 0.481158 0.070670 0.106924
0 0.342422 0.475031 0.087214 0.132047
0 0.659007 0.584865 0.054943 0.091912
0 0.599980 0.423254 0.081087 0.104473
0 0.382251 0.653033 0.066789 0.100797
0 0.452921 0.612898 0.074551 0.113664
0 0.533599 0.611673 0.078227 0.122243
0 0.569240 0.493719 0.051879 0.071385
0 0.620915 0.550092 0.058007 0.080576
0 0.583333 0.604933 0.067402 0.151654
0 0.529922 0.439951 0.047181 0.061887
0 0.404412 0.692249 0.053513 0.077512
0 0.578329 0.692096 0.051675 0.065564
0 0.445874 0.702972 0.049428 0.074449
0 0.295752 0.570312 0.053922 0.084252
0 0.663705 0.411458 0.060662 0.069240