0 0.622243 0.243719 0.100286 0.138174
1 0.578329 0.405484 0.149714 0.220282
0 0.481209 0.579963 0.067402 0.096201
0 0.436479 0.579350 0.050654 0.094975
1 0.517055 0.287684 0.110907 0.163603
0 0.691891 0.430913 0.087623 0.121017
0 0.676675 0.350031 0.069444 0.103248
0 0.704146 0.285539 0.072100 0.125000
0 0.456189 0.497089 0.029616 0.064645
1 0.499592 0.459559 0.095588 0.168505
0 0.603554 0.524969 0.093954 0.106311
0 0.506332 0.657016 0.077206 0.124694
0 0.581597 0.213082 0.037377 0.064032
0 0.559130 0.554228 0.058211 0.074142
0 0.563419 0.598499 0.077002 0.083027