0 0.616524 0.522059 0.063521 0.099265
1 0.150225 0.535080 0.204453 0.265625
0 0.641136 0.545037 0.051471 0.082721
0 0.498468 0.354013 0.084355 0.095282
0 0.472733 0.607537 0.085989 0.125000
0 0.180453 0.361979 0.107230 0.134498
0 0.508476 0.457874 0.109681 0.165135
0 0.622855 0.330116 0.066789 0.094056
0 0.286663 0.587316 0.088031 0.136642
0 0.566687 0.351869 0.054126 0.071998
0 0.379493 0.615656 0.095180 0.139400
0 0.694444 0.479779 0.065768 0.106618
0 0.588644 0.615349 0.062500 0.089767
0 0.649918 0.652574 0.068627 0.109681
0 0.743260 0.509498 0.052696 0.089461
0 0.793301 0.562040 0.072304 0.102635
0 0.720078 0.404565 0.073734 0.110600
0 0.417177 0.306679 0.093342 0.104167
0 0.407578 0.420496 0.087623 0.164522
0 0.254085 0.433364 0.064134 0.112439
0 0.668709 0.369026 0.035948 0.057292
0 0.683517 0.567096 0.046364 0.074755
0 0.075163 0.426777 0.103758 0.133578
0 0.729779 0.578278 0.043709 0.066483
0 0.766136 0.466759 0.046977 0.075061
0 0.566074 0.424326 0.045139 0.131740
0 0.635008 0.433670 0.087418 0.122243
1 0.449959 0.655944 0.049020 0.036152
0 0.317810 0.401042 0.114788 0.174020
0 0.317300 0.339001 0.113766 0.091605
0 0.344975 0.593290 0.044526 0.116115
0 0.355801 0.533701 0.067810 0.028186
0 0.441279 0.570772 0.050041 0.067402
0 0.524408 0.579810 0.073734 0.115502
0 0.569547 0.644761 0.055760 0.073223
0 0.568525 0.548866 0.057802 0.071385
0 0.669424 0.537684 0.014910 0.056373
0 0.793709 0.491575 0.039624 0.049939