1 0.606722 0.609320 0.210027 0.129572
0 0.590201 0.162740 0.103304 0.058483
0 0.484239 0.159847 0.095708 0.054350
1 0.333840 0.707068 0.199013 0.112627
0 0.500570 0.694978 0.142043 0.070262
0 0.310862 0.344183 0.101405 0.063443
0 0.323395 0.523765 0.164451 0.093201
0 0.693506 0.159744 0.094189 0.056623
0 0.624573 0.436041 0.138625 0.069436
0 0.555450 0.109113 0.117357 0.069436
0 0.388340 0.405456 0.129510 0.074809
0 0.514812 0.753978 0.189518 0.086175
0 0.625712 0.290349 0.127231 0.069023
0 0.584504 0.495454 0.141284 0.082455
1 0.395177 0.627299 0.247246 0.134119
0 0.581276 0.353069 0.107482 0.065923
0 0.421193 0.310808 0.107862 0.061170
0 0.465439 0.350899 0.137866 0.067369
0 0.500190 0.436660 0.123054 0.067369
0 0.517281 0.275470 0.113179 0.067783
0 0.490695 0.535545 0.145082 0.080389
0 0.635207 0.194462 0.080896 0.042984
0 0.222180 0.399359 0.093430 0.058483
0 0.300418 0.409485 0.085834 0.065509
0 0.265477 0.568299 0.094189 0.054970
0 0.384163 0.465489 0.103684 0.045257
0 0.441512 0.489254 0.127991 0.060136
0 0.620775 0.694358 0.098367 0.048357
0 0.260160 0.645898 0.028105 0.019632
0 0.247626 0.615106 0.061527 0.049390
0 0.307064 0.458359 0.059628 0.028518
0 0.620395 0.251912 0.095329 0.018599
0 0.674326 0.511366 0.101405 0.075015
0 0.303646 0.479541 0.071022 0.012193