1 0.458538 0.325521 0.080882 0.168811
0 0.598141 0.580116 0.049632 0.116115
1 0.289011 0.592831 0.191176 0.248775
0 0.399918 0.471814 0.118873 0.181373
0 0.754289 0.519148 0.083742 0.119792
0 0.698734 0.417126 0.085376 0.132047
0 0.420650 0.576287 0.072508 0.093750
1 0.554534 0.332721 0.154412 0.206495
0 0.679228 0.589767 0.108047 0.147672
1 0.292790 0.343750 0.180351 0.242034
0 0.638072 0.362592 0.046569 0.110600
0 0.387153 0.286152 0.083538 0.162990
1 0.529105 0.531097 0.140319 0.185355
0 0.617034 0.517310 0.047794 0.062194