1 0.606282 0.263634 0.107700 0.116728
0 0.600732 0.396140 0.106519 0.137255
1 0.694497 0.321691 0.164620 0.207108
0 0.740080 0.434130 0.058810 0.086397
0 0.671587 0.465993 0.106991 0.103554
0 0.616438 0.715993 0.083137 0.067402
0 0.481105 0.365809 0.091639 0.126225
0 0.535191 0.505362 0.104393 0.130208
0 0.528106 0.646906 0.100142 0.140625
0 0.518422 0.295343 0.062825 0.066789
0 0.520548 0.438113 0.063297 0.066176
0 0.470713 0.459865 0.043458 0.074142
0 0.565541 0.350643 0.072981 0.096507
1 0.641120 0.593597 0.179263 0.231924
1 0.722485 0.614277 0.109589 0.208333
0 0.493269 0.562806 0.049362 0.091299