0 0.392179 0.380733 0.105848 0.127424
0 0.404268 0.503078 0.109302 0.132041
0 0.466445 0.601878 0.059956 0.092644
0 0.493338 0.626808 0.052554 0.069868
1 0.255860 0.358110 0.125339 0.174515
0 0.470022 0.386734 0.069578 0.104955
0 0.296941 0.506310 0.084629 0.092336
0 0.472490 0.308249 0.060696 0.072330
0 0.534049 0.396891 0.069825 0.110496
0 0.319516 0.448600 0.089317 0.108649
0 0.399457 0.623269 0.090303 0.105879
1 0.373304 0.273161 0.139156 0.133272
0 0.291266 0.267159 0.034296 0.052324
1 0.501604 0.507695 0.101653 0.148661
0 0.345917 0.572022 0.053294 0.080948
0 0.364545 0.536165 0.053541 0.073869