1 0.509600 0.435815 0.157271 0.263174
1 0.602226 0.326440 0.143587 0.196385
0 0.572917 0.588235 0.089461 0.118260
0 0.603248 0.495098 0.083538 0.120098
0 0.401144 0.370711 0.095997 0.138480
0 0.381025 0.572610 0.071691 0.109069
0 0.480903 0.245558 0.110498 0.151654
0 0.511029 0.613051 0.058824 0.091912
0 0.409926 0.267463 0.050245 0.074755
0 0.444138 0.543045 0.084763 0.106311
0 0.468444 0.598039 0.027574 0.033701
0 0.529718 0.205116 0.058211 0.078738
0 0.636132 0.481158 0.062296 0.119179
0 0.387459 0.451440 0.073938 0.093444
0 0.383170 0.483303 0.066585 0.073836