0 0.407067 0.256434 0.085784 0.097426
0 0.648080 0.621936 0.082108 0.132966
0 0.821078 0.529871 0.078023 0.130821
0 0.707618 0.810509 0.072917 0.116728
0 0.426471 0.332721 0.061683 0.097426
1 0.339869 0.345282 0.105392 0.164828
0 0.405127 0.435049 0.076593 0.107230
0 0.733558 0.678922 0.091708 0.127451
0 0.606516 0.655484 0.043913 0.084865
0 0.408292 0.571078 0.068219 0.094975
0 0.637868 0.748621 0.079248 0.125919
0 0.466810 0.408241 0.064747 0.102022
0 0.554126 0.261642 0.066176 0.103554
0 0.561172 0.610754 0.065564 0.094056
0 0.424020 0.492800 0.070261 0.069547
0 0.781148 0.600490 0.055760 0.072304
0 0.581189 0.183211 0.039828 0.096814
0 0.472937 0.325980 0.043096 0.072917
1 0.721099 0.520067 0.131740 0.171262
0 0.820772 0.670496 0.085580 0.129596
0 0.490605 0.257506 0.055556 0.084865
0 0.659722 0.832567 0.042892 0.066483
0 0.539420 0.538603 0.054739 0.081495
1 0.526961 0.157935 0.081291 0.131434
0 0.622141 0.557292 0.046977 0.061887
0 0.353860 0.611060 0.054943 0.055453
0 0.593648 0.481464 0.051266 0.079350
0 0.759089 0.808517 0.028799 0.079657
0 0.319444 0.432138 0.030229 0.028493
0 0.750511 0.742494 0.052900 0.045037
0 0.333333 0.515012 0.101716 0.158088