0 0.445670 0.457874 0.061683 0.076900
0 0.643893 0.275276 0.061479 0.094669
0 0.452308 0.274203 0.061887 0.087623
0 0.613664 0.204504 0.046773 0.097733
1 0.482026 0.520221 0.059641 0.084559
1 0.553309 0.401961 0.122958 0.184436
0 0.400123 0.371936 0.041667 0.098039
0 0.525735 0.499081 0.092320 0.101716
0 0.657578 0.376072 0.077002 0.124081
0 0.623366 0.449449 0.084559 0.136029
1 0.463848 0.364124 0.093137 0.170650
1 0.546058 0.238817 0.130923 0.165135
0 0.590584 0.577819 0.058619 0.104167