1 0.532795 0.149044 0.168251 0.273341
0 0.314401 0.215973 0.111692 0.202475
1 0.648764 0.377390 0.200095 0.312336
1 0.635575 0.168166 0.064401 0.129359
1 0.361217 0.384702 0.155894 0.255718
0 0.430014 0.564304 0.117158 0.182227
0 0.412785 0.140420 0.069392 0.142107
0 0.538617 0.505062 0.096721 0.154481
0 0.605513 0.552681 0.054183 0.064492
1 0.468394 0.244282 0.054658 0.091114
1 0.414449 0.083802 0.125000 0.148106
1 0.498337 0.360330 0.077947 0.075741
0 0.538142 0.380390 0.024002 0.084364