0 0.253320 0.111673 0.050014 0.055453
0 0.377790 0.526501 0.124329 0.132047
1 0.408873 0.327972 0.173495 0.193321
1 0.241594 0.043045 0.084205 0.079963
0 0.257135 0.169271 0.051992 0.053002
0 0.355609 0.750460 0.083357 0.089154
1 0.275078 0.419577 0.164736 0.202512
0 0.410851 0.451900 0.095507 0.066789
1 0.936564 0.878676 0.107658 0.121324
0 0.390647 0.674173 0.079966 0.090380
0 0.897005 0.781403 0.092399 0.096507
0 0.223086 0.551164 0.099181 0.112132
1 0.461147 0.551164 0.106810 0.129289
0 0.211077 0.144914 0.057078 0.064338
0 0.426392 0.633272 0.087030 0.053922
0 0.268579 0.289675 0.100876 0.072610
0 0.280870 0.696385 0.084205 0.080882
0 0.338938 0.235600 0.090138 0.087623
0 0.862673 0.853554 0.089291 0.088235
0 0.297118 0.081036 0.051144 0.062194
0 0.827211 0.790901 0.044928 0.060968
0 0.484318 0.461091 0.064990 0.082721
0 0.218847 0.095435 0.027974 0.032169
0 0.302204 0.611060 0.087878 0.092218
0 0.294433 0.144608 0.047471 0.055147
0 0.313789 0.025276 0.062447 0.049326
0 0.193558 0.382659 0.055948 0.105392
0 0.241876 0.193168 0.047471 0.037684
0 0.426957 0.707567 0.059904 0.076900
0 0.333993 0.071385 0.032778 0.049020
0 0.252755 0.247243 0.070924 0.047181
0 0.342611 0.626685 0.047754 0.066483
0 0.791184 0.859528 0.068381 0.068321