0 0.233252 0.624387 0.048203 0.064951
0 0.223039 0.645221 0.040850 0.062500
0 0.395016 0.659926 0.054739 0.079657
0 0.346814 0.667892 0.041667 0.061275
0 0.333742 0.632966 0.049837 0.069853
0 0.358252 0.620711 0.028595 0.050245
0 0.345180 0.571691 0.043301 0.062500
0 0.325572 0.598039 0.026961 0.031863
0 0.379085 0.531250 0.049020 0.074755
0 0.421977 0.534314 0.048203 0.063725
0 0.411356 0.473652 0.046569 0.074755
0 0.456291 0.484069 0.044935 0.071078
0 0.441585 0.436275 0.043301 0.075980
0 0.481209 0.623162 0.047386 0.064951
0 0.487337 0.575980 0.040033 0.053922
0 0.462418 0.591912 0.016340 0.046569
0 0.522467 0.603554 0.044935 0.062500
0 0.487745 0.517157 0.037582 0.039216
0 0.513072 0.478554 0.037582 0.062500
0 0.561275 0.561887 0.050654 0.072304
0 0.533497 0.545343 0.035948 0.061275
0 0.565359 0.490196 0.047386 0.071078
0 0.559232 0.448529 0.033497 0.039216
0 0.593954 0.456495 0.045752 0.062500
0 0.597631 0.421569 0.038399 0.053922
0 0.632761 0.433824 0.035131 0.056373
0 0.622141 0.466299 0.023693 0.028186
0 0.604984 0.539216 0.044935 0.066176
0 0.638889 0.560662 0.040850 0.060049
0 0.642157 0.593137 0.039216 0.044118
0 0.696487 0.539216 0.041667 0.056373