0 0.446998 0.431066 0.075368 0.109681
1 0.641748 0.664982 0.118056 0.182904
0 0.553717 0.623468 0.069444 0.117647
1 0.664726 0.363817 0.137868 0.201900
0 0.594771 0.512255 0.109477 0.174632
0 0.511540 0.499234 0.068423 0.127757
1 0.733456 0.528339 0.122141 0.185968
0 0.747651 0.412224 0.049632 0.054228
0 0.557394 0.375306 0.080474 0.132966
1 0.484681 0.539982 0.080065 0.146752
0 0.474571 0.607077 0.052083 0.041973
1 0.687296 0.596967 0.101716 0.157169
0 0.512663 0.355392 0.066585 0.130515
0 0.422386 0.556373 0.057190 0.112745
0 0.594873 0.330270 0.028799 0.052696