1 0.505483 0.734635 0.132484 0.165582
1 0.420569 0.814895 0.071132 0.131598
1 0.434203 0.517354 0.162418 0.171367
1 0.287937 0.411424 0.127149 0.190166
1 0.534084 0.324476 0.139301 0.194143
1 0.394635 0.367137 0.182869 0.220174
0 0.474956 0.873825 0.117664 0.138106
0 0.297125 0.217101 0.149674 0.197035
1 0.464878 0.210231 0.137226 0.147144
0 0.382039 0.250181 0.045050 0.032538
0 0.255039 0.293384 0.054238 0.056038
0 0.554831 0.844360 0.071132 0.090745
0 0.562685 0.888648 0.061944 0.035430