0 0.674484 0.586681 0.064210 0.060260
0 0.680486 0.659611 0.078448 0.084981
1 0.904523 0.371446 0.069793 0.100742
1 0.746092 0.673208 0.061697 0.094252
0 0.487996 0.625773 0.080402 0.072311
0 0.621999 0.732695 0.085985 0.090235
1 0.674902 0.365729 0.070631 0.089308
0 0.781267 0.473115 0.079564 0.083436
1 0.716778 0.577719 0.081240 0.102905
0 0.877722 0.243974 0.097152 0.112176
0 0.627582 0.599042 0.053601 0.057787
1 0.703099 0.451638 0.091290 0.082509
0 0.883864 0.328183 0.067002 0.067367
0 0.471664 0.694067 0.074539 0.092707
0 0.595059 0.540791 0.054997 0.071693
0 0.805137 0.318140 0.090452 0.103523
0 0.698911 0.290019 0.093523 0.102905
0 0.833333 0.400494 0.080960 0.087145
0 0.866834 0.166255 0.064768 0.051298
0 0.751675 0.374227 0.089615 0.102596
0 0.836963 0.500155 0.059743 0.092398
0 0.534478 0.704110 0.066164 0.081273
0 0.565745 0.635043 0.070073 0.082200
0 0.869486 0.455037 0.063931 0.061496
0 0.605388 0.658529 0.070631 0.097033
1 0.773171 0.203956 0.112507 0.125464
0 0.807789 0.137515 0.042155 0.048208
0 0.788107 0.617120 0.054160 0.061187
0 0.522892 0.515451 0.092127 0.108158
0 0.696538 0.699475 0.039643 0.039246
0 0.701145 0.224815 0.035455 0.031829
0 0.694305 0.735785 0.054160 0.058714
0 0.720128 0.502781 0.054997 0.035847
0 0.491904 0.581273 0.062535 0.034611