1 0.683007 0.400429 0.148693 0.214461
0 0.597733 0.301164 0.080270 0.122549
0 0.566891 0.424020 0.086397 0.121936
0 0.511132 0.762408 0.070466 0.114277
0 0.712827 0.551011 0.064542 0.096507
1 0.697917 0.223346 0.132761 0.174020
0 0.595180 0.217984 0.062908 0.062806
0 0.672896 0.591299 0.047590 0.069240
0 0.639604 0.547794 0.075776 0.109681
0 0.662377 0.667892 0.074346 0.117647
0 0.587214 0.660539 0.083333 0.126225
0 0.527676 0.628983 0.067198 0.114583
0 0.562398 0.528033 0.074959 0.098346
1 0.522569 0.327665 0.092116 0.171875
0 0.520221 0.554841 0.031863 0.059436
1 0.748877 0.428922 0.054126 0.140931
0 0.615400 0.734375 0.046977 0.064951
0 0.575470 0.736673 0.049224 0.070159
0 0.551164 0.836857 0.068423 0.078738