1 0.618464 0.392770 0.123775 0.180147
1 0.533905 0.499081 0.113971 0.204044
0 0.843137 0.524203 0.101307 0.136642
0 0.767463 0.402880 0.120302 0.172181
0 0.736928 0.564491 0.106618 0.145527
0 0.858150 0.633578 0.088031 0.090686
0 0.856005 0.405790 0.073121 0.120404
0 0.774510 0.639859 0.083742 0.116115
0 0.908190 0.530484 0.061887 0.127145
0 0.631127 0.541054 0.083333 0.109681
1 0.744281 0.346814 0.080882 0.073529
0 0.686275 0.460784 0.066176 0.114583
0 0.688317 0.605852 0.068219 0.119179
0 0.688725 0.367188 0.032680 0.076287
0 0.590278 0.588542 0.060866 0.083946