1 0.542586 0.533854 0.146855 0.213542
0 0.646548 0.483150 0.051675 0.087623
0 0.625511 0.647978 0.083946 0.148897
0 0.567913 0.718137 0.101103 0.161152
0 0.601001 0.417279 0.041871 0.079044
0 0.688317 0.578738 0.078023 0.109681
0 0.401654 0.450674 0.049632 0.114583
0 0.436275 0.358456 0.066993 0.067402
0 0.451797 0.453278 0.076389 0.138787
0 0.692198 0.671262 0.052696 0.081495
1 0.540441 0.345129 0.136846 0.165748
0 0.447610 0.614583 0.087623 0.133578
0 0.624081 0.511183 0.047590 0.110600
0 0.690257 0.518689 0.045956 0.019608
0 0.722324 0.605392 0.023080 0.075368
0 0.539011 0.752451 0.085376 0.135417