0 0.634804 0.433670 0.096814 0.125919
0 0.589971 0.534467 0.083946 0.128370
0 0.587520 0.616881 0.086397 0.081801
0 0.526859 0.470435 0.094975 0.143076
1 0.522978 0.204963 0.123570 0.188725
0 0.621426 0.218137 0.077819 0.098652
1 0.495915 0.568168 0.102941 0.137561
1 0.595895 0.342984 0.125613 0.179841
1 0.437194 0.236060 0.065155 0.136949
0 0.665441 0.552390 0.070670 0.109681
0 0.548100 0.114277 0.090482 0.118873
0 0.460069 0.354167 0.105596 0.156863
0 0.411254 0.476409 0.097426 0.142157