1 0.424326 0.574602 0.149714 0.226409
1 0.500715 0.372089 0.148489 0.219056
0 0.548611 0.542739 0.096814 0.151654
1 0.543199 0.669271 0.128472 0.158395
0 0.502859 0.184130 0.084559 0.135417
0 0.443423 0.278186 0.095588 0.123162
0 0.659416 0.487439 0.057802 0.096814
0 0.577614 0.269914 0.086193 0.137868
0 0.600797 0.511795 0.058211 0.106924
0 0.599673 0.395527 0.067402 0.114583
0 0.424326 0.415901 0.036152 0.089154
0 0.570772 0.184743 0.052900 0.066789
0 0.449244 0.185662 0.032067 0.072304
0 0.631332 0.460325 0.064542 0.068321