0 0.639502 0.394148 0.066585 0.068321
0 0.723141 0.482996 0.071283 0.092831
0 0.790748 0.817402 0.070466 0.117034
0 0.744281 0.625460 0.076389 0.109375
0 0.661254 0.449295 0.063930 0.089767
0 0.795956 0.481311 0.065359 0.085784
1 0.721712 0.867188 0.101511 0.141238
0 0.605903 0.466759 0.054126 0.079350
0 0.777267 0.716146 0.060253 0.083640
0 0.314236 0.816023 0.085989 0.125919
0 0.581393 0.664828 0.078636 0.118873
0 0.632761 0.555913 0.056781 0.075061
0 0.525020 0.906250 0.037786 0.083333
0 0.334355 0.696844 0.050654 0.094669
0 0.713644 0.740043 0.070670 0.103860
0 0.836397 0.742034 0.068219 0.115809
0 0.502962 0.714154 0.079861 0.125613
0 0.824142 0.625460 0.078023 0.100797
0 0.705167 0.393689 0.056985 0.079044
0 0.639400 0.712010 0.067606 0.099877
0 0.482741 0.858456 0.100694 0.161152
0 0.858047 0.786918 0.060049 0.091605
0 0.845690 0.585784 0.056985 0.049632
0 0.698325 0.673560 0.050245 0.065870
0 0.561989 0.797181 0.079861 0.119485
0 0.470588 0.594669 0.059641 0.089461
0 0.508476 0.554381 0.063113 0.087316
0 0.769404 0.551317 0.086601 0.095282
0 0.875613 0.693474 0.064134 0.103248
0 0.436887 0.940717 0.044526 0.052390
0 0.602941 0.779105 0.046977 0.097426
0 0.348958 0.876532 0.018995 0.050858
0 0.531556 0.624081 0.050041 0.070466
0 0.397978 0.893229 0.082721 0.117341
0 0.395833 0.741881 0.125408 0.198223
0 0.659109 0.631434 0.055964 0.083333
0 0.796058 0.875306 0.045956 0.031250
0 0.742239 0.430453 0.033905 0.056373