1 0.365809 0.437500 0.109477 0.209559
1 0.483047 0.418045 0.141748 0.222733
0 0.432802 0.566023 0.094771 0.138787
1 0.402471 0.626225 0.121936 0.155637
0 0.641340 0.605239 0.060049 0.086091
0 0.755617 0.472273 0.079453 0.105699
0 0.530229 0.285080 0.082516 0.124694
0 0.700572 0.434743 0.062908 0.122549
0 0.577717 0.624694 0.079044 0.107843
0 0.597120 0.455423 0.092933 0.137561
0 0.587623 0.696078 0.072304 0.093750
0 0.553309 0.549326 0.086601 0.116422
0 0.755004 0.568015 0.068423 0.099877
0 0.627859 0.529412 0.062092 0.088235
0 0.694649 0.548254 0.077614 0.102635
0 0.609579 0.312500 0.095792 0.131740
0 0.499489 0.599112 0.067198 0.114890
0 0.661765 0.405484 0.079248 0.146752
0 0.522467 0.651808 0.050654 0.057292
0 0.744383 0.397978 0.055760 0.045343
0 0.617443 0.255055 0.087827 0.098346