1 0.569751 0.298866 0.108456 0.086091
0 0.464767 0.491422 0.092116 0.133578
0 0.498570 0.365962 0.097222 0.127145
0 0.468137 0.260570 0.092320 0.105699
0 0.417484 0.388480 0.087827 0.142157
0 0.537888 0.468597 0.079453 0.122243
0 0.681475 0.518995 0.070057 0.118873
1 0.583129 0.607230 0.129902 0.188113
0 0.422488 0.648284 0.086397 0.110294
0 0.347937 0.378830 0.057802 0.093444
0 0.496936 0.590993 0.080474 0.117034
0 0.587316 0.368260 0.081087 0.121936
0 0.402982 0.534773 0.092320 0.122243
0 0.632659 0.479167 0.082721 0.124387
0 0.376736 0.618413 0.049224 0.076900
0 0.384906 0.283088 0.056168 0.093137
0 0.647569 0.383272 0.044730 0.090686
0 0.372958 0.449295 0.073121 0.102635
0 0.360294 0.494485 0.042075 0.063113
0 0.415033 0.317708 0.079657 0.106618
0 0.451491 0.587776 0.022672 0.053002