1 0.582414 0.205882 0.140319 0.207108
1 0.446487 0.224418 0.125408 0.199449
1 0.507761 0.391850 0.156863 0.229779
1 0.354779 0.315564 0.089461 0.187500
0 0.402165 0.388634 0.074346 0.138787
0 0.400020 0.495098 0.088848 0.130515
0 0.663807 0.305913 0.098039 0.165748
0 0.535743 0.616881 0.088235 0.127145
1 0.601307 0.451900 0.111111 0.175245
0 0.480801 0.720588 0.079657 0.131127
0 0.607333 0.617341 0.074142 0.122549
0 0.562806 0.729013 0.076593 0.121017
0 0.438521 0.600337 0.088644 0.113664
0 0.484579 0.509498 0.090074 0.094363
1 0.489992 0.153493 0.056781 0.058824
0 0.425347 0.660080 0.045547 0.054228