1 0.705372 0.442249 0.161152 0.234375
1 0.753166 0.600337 0.123570 0.189032
0 0.601716 0.373009 0.111111 0.167586
0 0.480392 0.403033 0.076389 0.089767
0 0.559641 0.514093 0.082108 0.131740
0 0.499694 0.494792 0.078636 0.129289
0 0.708027 0.690257 0.051675 0.062500
0 0.642565 0.296415 0.043709 0.053615
0 0.553105 0.639400 0.066176 0.128064
0 0.705270 0.300551 0.098448 0.081495
0 0.654820 0.766850 0.079657 0.107230
0 0.517361 0.600337 0.034722 0.083640
0 0.630208 0.619638 0.122345 0.184130
0 0.577002 0.730852 0.068627 0.095282
0 0.537786 0.399969 0.033497 0.092831
0 0.643076 0.714001 0.080678 0.068934
0 0.455065 0.515012 0.024510 0.068015