1 0.426981 0.481005 0.135825 0.202206
0 0.526042 0.412837 0.072100 0.135110
0 0.339461 0.558670 0.088644 0.120404
1 0.324244 0.659620 0.074142 0.126225
1 0.348141 0.372089 0.127247 0.178615
0 0.310049 0.503064 0.081291 0.107230
1 0.486622 0.267923 0.113766 0.159620
1 0.428207 0.673713 0.146038 0.187500
0 0.454759 0.355086 0.083538 0.115809
1 0.378574 0.265012 0.104371 0.140931
0 0.530739 0.606924 0.050858 0.080270
1 0.579350 0.479626 0.100694 0.143076
0 0.588337 0.324142 0.096609 0.154412
0 0.613562 0.400888 0.037990 0.038909
0 0.501430 0.526961 0.072712 0.133578