1 0.212485 0.496528 0.318527 0.161765
1 0.460184 0.586295 0.321729 0.155842
1 0.683073 0.330780 0.227291 0.155025
0 0.207283 0.344669 0.186475 0.128881
0 0.546419 0.335989 0.224490 0.117239
0 0.339336 0.390727 0.206483 0.112337
0 0.363145 0.276859 0.208483 0.103962
1 0.198079 0.619792 0.236094 0.115400
0 0.516407 0.456699 0.214886 0.109477
0 0.461184 0.245404 0.145258 0.079453
0 0.306122 0.234477 0.083233 0.044118
0 0.620248 0.528186 0.151261 0.087418
1 0.389156 0.687398 0.132453 0.083129