0 0.353248 0.260263 0.085580 0.115502
1 0.600592 0.590533 0.104779 0.139400
0 0.604984 0.163909 0.084967 0.112132
0 0.499796 0.606924 0.090278 0.138480
1 0.567096 0.480545 0.141953 0.217831
0 0.384089 0.422947 0.073734 0.106311
0 0.492851 0.263634 0.082108 0.131434
1 0.434028 0.519761 0.113971 0.186581
1 0.087112 0.216605 0.114583 0.154412
0 0.185662 0.228554 0.078840 0.107230
0 0.317810 0.337623 0.080474 0.123775
0 0.415645 0.346354 0.086601 0.128983
0 0.620711 0.276348 0.084150 0.135417
1 0.490911 0.405944 0.070057 0.110907
0 0.560866 0.338542 0.082516 0.080270
0 0.143076 0.113664 0.083538 0.115196
0 0.423407 0.244026 0.055964 0.079963
0 0.254698 0.179381 0.078840 0.118566
0 0.060049 0.084865 0.082925 0.101103
0 0.540135 0.302543 0.048815 0.067096
0 0.628370 0.406710 0.044322 0.071998