0 0.286356 0.643689 0.103350 0.154412
1 0.679943 0.475490 0.154412 0.262868
1 0.438828 0.490196 0.122753 0.226716
1 0.630208 0.282782 0.144404 0.148897
0 0.392055 0.655790 0.096609 0.149203
1 0.592320 0.729626 0.140523 0.188419
0 0.563317 0.548100 0.135212 0.192402
0 0.489481 0.668505 0.097426 0.159926
0 0.335989 0.524816 0.100082 0.144608
0 0.278595 0.490809 0.081699 0.137255
1 0.464767 0.343137 0.072100 0.126225
0 0.549632 0.356464 0.136846 0.185355
0 0.363971 0.408548 0.072712 0.108762
0 0.625000 0.606618 0.028595 0.049632
1 0.662582 0.609528 0.055147 0.032169
0 0.235192 0.584406 0.055760 0.078738