1 0.338235 0.506281 0.120915 0.171875
1 0.628268 0.301317 0.111928 0.133885
0 0.624183 0.613358 0.071487 0.083333
0 0.427492 0.317249 0.070670 0.083027
1 0.730699 0.365196 0.093750 0.150123
0 0.530229 0.310662 0.073121 0.084559
1 0.716810 0.535539 0.116626 0.174020
0 0.530433 0.616881 0.071895 0.092218
0 0.451797 0.410846 0.087827 0.156863
0 0.521548 0.384651 0.066381 0.104473
1 0.415748 0.234069 0.094975 0.110294
0 0.576900 0.678462 0.059436 0.094056
0 0.592729 0.383578 0.072712 0.112745
0 0.558824 0.481311 0.072304 0.107230
0 0.507659 0.520374 0.073734 0.117341
0 0.626532 0.514859 0.083538 0.130208
0 0.569138 0.557598 0.054943 0.061275
0 0.670139 0.407935 0.082516 0.124081
1 0.343852 0.407629 0.060253 0.048713
0 0.521446 0.673407 0.047386 0.045956
0 0.344975 0.320772 0.096814 0.149510