1 0.532884 0.367800 0.111928 0.152880
0 0.427185 0.651654 0.074959 0.111520
1 0.566176 0.459252 0.124183 0.183824
0 0.576185 0.711857 0.072304 0.103248
0 0.709457 0.434589 0.077410 0.130821
0 0.658905 0.850490 0.082108 0.096201
0 0.630208 0.349877 0.081087 0.121324
0 0.640829 0.551317 0.081904 0.120404
0 0.417484 0.544271 0.055147 0.095282
0 0.662275 0.776348 0.067606 0.102941
0 0.699346 0.719363 0.059641 0.102328
0 0.645016 0.671875 0.069853 0.099877
0 0.663603 0.441636 0.066176 0.093444
0 0.477941 0.557445 0.076797 0.114277
1 0.686785 0.554381 0.045139 0.129596
0 0.393076 0.619332 0.048815 0.071385
0 0.569649 0.605852 0.070670 0.096507
0 0.507047 0.668352 0.075776 0.111826
0 0.485805 0.718750 0.068015 0.069853
0 0.513685 0.515931 0.070670 0.098652
1 0.674530 0.354933 0.017770 0.046262