1 0.301558 0.138194 0.208554 0.237295
0 0.059847 0.242963 0.104443 0.135653
1 0.391910 0.368256 0.214854 0.257232
0 0.541611 0.394840 0.080570 0.111806
1 0.523873 0.584832 0.151857 0.161845
1 0.186505 0.339914 0.206565 0.252932
0 0.057858 0.108483 0.107095 0.127834
0 0.326260 0.508014 0.126658 0.137217
0 0.396386 0.595973 0.093833 0.085614
0 0.138097 0.149531 0.110411 0.129398
1 0.446618 0.501564 0.135942 0.142299
0 0.577089 0.451134 0.095822 0.117279
0 0.352785 0.636435 0.080239 0.096169
0 0.433355 0.685692 0.096817 0.115715
0 0.048740 0.333855 0.068302 0.091478
0 0.507792 0.683346 0.052056 0.045348
0 0.410146 0.213839 0.056366 0.046130
0 0.404841 0.715989 0.053714 0.072322
1 0.183190 0.054926 0.157493 0.107506
0 0.525365 0.329359 0.048077 0.064504
0 0.215020 0.467162 0.133621 0.089914
1 0.068137 0.033815 0.122347 0.059812