1 0.425041 0.554841 0.115605 0.174020
1 0.471201 0.296109 0.073529 0.105086
1 0.429024 0.375766 0.093750 0.151654
1 0.421262 0.451900 0.051266 0.038603
1 0.615502 0.447151 0.084355 0.128983
1 0.549530 0.341146 0.129698 0.163297
0 0.662480 0.599418 0.056577 0.079350
0 0.621834 0.638634 0.050449 0.076900
0 0.546058 0.511795 0.074551 0.113051
0 0.598856 0.543352 0.050245 0.076287
0 0.501328 0.596354 0.053309 0.095282
0 0.523591 0.651961 0.059845 0.071691
0 0.675858 0.632047 0.045752 0.052696
0 0.577410 0.643536 0.035948 0.052390
0 0.550347 0.600643 0.050041 0.064645
0 0.682394 0.538603 0.032680 0.068015
0 0.602431 0.588695 0.051675 0.053002
1 0.494996 0.437653 0.100694 0.145527
0 0.647672 0.533701 0.043709 0.058824
0 0.652676 0.485600 0.036152 0.062500
0 0.635315 0.355852 0.035335 0.083027
1 0.426981 0.293964 0.017770 0.016850
1 0.518178 0.259038 0.025327 0.016850