0 0.213176 0.352217 0.095340 0.104680
1 0.286824 0.586669 0.110873 0.096983
1 0.297536 0.474754 0.160150 0.190887
1 0.412426 0.574353 0.149973 0.137623
1 0.427959 0.401478 0.158543 0.195813
0 0.199786 0.261546 0.081414 0.088362
0 0.274371 0.216133 0.078468 0.113300
0 0.304365 0.312654 0.093465 0.117919
0 0.556508 0.261700 0.059989 0.069581
0 0.490225 0.483528 0.057043 0.093904
0 0.208623 0.458436 0.039100 0.100985
0 0.267809 0.149477 0.074451 0.067426
0 0.496652 0.279865 0.064542 0.072044
0 0.551687 0.198122 0.070702 0.100677