1 0.596814 0.336397 0.101307 0.139706
1 0.449142 0.433977 0.071078 0.130821
1 0.481209 0.557751 0.075572 0.134498
1 0.629187 0.531863 0.118668 0.172794
0 0.561070 0.634651 0.083333 0.129596
0 0.577921 0.724877 0.066789 0.083333
0 0.685458 0.600031 0.066993 0.107537
0 0.638583 0.692249 0.077002 0.112439
0 0.804739 0.704657 0.078431 0.098652
1 0.520323 0.478554 0.115400 0.164828
0 0.736009 0.698223 0.059845 0.096201
0 0.747958 0.596814 0.063725 0.105392
0 0.706904 0.782782 0.047386 0.083946
0 0.519710 0.355086 0.074551 0.089461
0 0.684641 0.699449 0.041258 0.088848
0 0.749796 0.783241 0.059232 0.093444
0 0.770833 0.545343 0.066176 0.087623
0 0.601001 0.416207 0.073325 0.107537
0 0.663092 0.450061 0.056577 0.085172
0 0.478452 0.340380 0.063930 0.113358
0 0.534620 0.563725 0.079453 0.074755
0 0.684028 0.747702 0.051062 0.039522