1 0.290135 0.348192 0.107639 0.111826
1 0.602737 0.555607 0.139706 0.224571
0 0.545037 0.284773 0.059845 0.067708
0 0.418199 0.210325 0.090074 0.130208
0 0.465380 0.320466 0.112541 0.153186
1 0.589154 0.374540 0.131332 0.185968
0 0.282884 0.461703 0.101307 0.155025
0 0.268791 0.568321 0.071078 0.105392
1 0.399408 0.419730 0.138685 0.199142
0 0.357945 0.579504 0.106413 0.158395
0 0.680453 0.410999 0.047590 0.102635
0 0.637970 0.224418 0.069240 0.055453
0 0.481618 0.511642 0.125000 0.178309
0 0.637970 0.281863 0.081904 0.088848
1 0.464052 0.623621 0.117239 0.124694
0 0.689134 0.526808 0.044935 0.117953
1 0.507251 0.393382 0.036152 0.074755
0 0.364583 0.216452 0.027369 0.051777
1 0.587418 0.262714 0.032680 0.029718
0 0.669833 0.331801 0.037377 0.050245
0 0.659926 0.394914 0.033497 0.115196
0 0.541769 0.634344 0.049224 0.106924
0 0.330372 0.264553 0.035743 0.078738