0 0.521700 0.576074 0.061483 0.089571
0 0.493671 0.608589 0.048825 0.080982
0 0.475136 0.574233 0.042495 0.071166
0 0.498192 0.512883 0.056058 0.068712
0 0.454340 0.533742 0.042495 0.063804
0 0.439873 0.554601 0.035262 0.053988
0 0.561935 0.504294 0.055154 0.073620
0 0.523508 0.500000 0.043400 0.067485
0 0.545660 0.446012 0.047920 0.052761
0 0.606691 0.528834 0.068716 0.088344
0 0.592224 0.614724 0.047016 0.071166
0 0.620253 0.590184 0.034358 0.046626
0 0.606691 0.635583 0.032550 0.044172
0 0.630199 0.660736 0.039783 0.055215
0 0.636980 0.582822 0.028029 0.046626
0 0.647378 0.535583 0.028933 0.052761
0 0.673146 0.619018 0.038879 0.057669
0 0.696655 0.598773 0.033454 0.044172
0 0.705244 0.576687 0.039783 0.056442
0 0.691682 0.506135 0.054250 0.069939
0 0.636980 0.487117 0.035262 0.026994
0 0.614376 0.457669 0.042495 0.041718
0 0.602622 0.420245 0.049729 0.065031
0 0.634268 0.382209 0.044304 0.060123
0 0.657324 0.415337 0.048825 0.065031
0 0.670886 0.452761 0.037975 0.049080
0 0.690325 0.466871 0.037071 0.035583
0 0.753165 0.474233 0.041591 0.057669
0 0.772604 0.431288 0.042495 0.050307
0 0.804250 0.516564 0.038879 0.049080
0 0.817360 0.487117 0.045208 0.051534