1 0.604167 0.519761 0.084150 0.138174
1 0.532782 0.602635 0.089257 0.140931
0 0.444955 0.223499 0.073734 0.101409
0 0.495302 0.286458 0.063317 0.099265
1 0.458742 0.559743 0.118873 0.174632
1 0.444036 0.663450 0.081291 0.066483
1 0.567300 0.401042 0.082312 0.121324
0 0.310049 0.522825 0.073529 0.111213
1 0.530229 0.457874 0.094363 0.135110
1 0.367034 0.611060 0.088235 0.142463
0 0.443832 0.424326 0.081699 0.114583
0 0.369792 0.474418 0.083538 0.120404
0 0.517974 0.330576 0.053922 0.066789
0 0.617545 0.320772 0.057394 0.089461
0 0.562500 0.262714 0.067402 0.102635
1 0.591912 0.603401 0.035131 0.070159
0 0.460580 0.335938 0.058007 0.081189
0 0.568015 0.320312 0.049020 0.048100
0 0.434436 0.282475 0.035539 0.050245
1 0.361315 0.435968 0.070261 0.058824
0 0.392974 0.394301 0.055556 0.076593
1 0.740809 0.085784 0.176471 0.169730
1 0.584150 0.056526 0.124592 0.111213
1 0.632659 0.086397 0.061479 0.085784
1 0.676777 0.023131 0.123979 0.044424