1 0.097529 0.567887 0.169962 0.277450
1 0.298859 0.876033 0.180989 0.226682
1 0.092015 0.826151 0.116350 0.229634
0 0.308365 0.689197 0.095057 0.162338
0 0.243156 0.570248 0.105323 0.168831
1 0.201711 0.788371 0.189734 0.282763
0 0.334601 0.383412 0.105703 0.175325
0 0.314068 0.195100 0.088213 0.170602
0 0.214639 0.212220 0.101521 0.169421
0 0.245437 0.303719 0.096198 0.138725
0 0.218821 0.410272 0.103042 0.172373
0 0.413308 0.754723 0.081369 0.096222
0 0.309316 0.525679 0.093916 0.158796
0 0.389163 0.664404 0.114449 0.206021
0 0.155894 0.345041 0.082890 0.095041
0 0.386502 0.391677 0.042966 0.095041
1 0.355894 0.514463 0.062357 0.097403
0 0.118061 0.416175 0.112167 0.127509