1 0.535029 0.301471 0.133783 0.214461
0 0.576389 0.482537 0.062908 0.085784
0 0.576083 0.572304 0.059436 0.080270
1 0.543913 0.174479 0.118873 0.121630
1 0.438011 0.234835 0.101920 0.125919
0 0.541769 0.450061 0.056577 0.083333
0 0.434538 0.349265 0.084355 0.124387
0 0.475286 0.437806 0.073121 0.102328
0 0.511029 0.544730 0.068219 0.102941
0 0.379289 0.387408 0.072304 0.122855
0 0.539011 0.632353 0.077614 0.087010
0 0.596099 0.604013 0.045547 0.058517
0 0.439032 0.461244 0.054943 0.084252