1 0.594158 0.554075 0.133578 0.204963
0 0.536050 0.378983 0.057802 0.081495
1 0.604371 0.718750 0.095180 0.115809
1 0.712623 0.572457 0.101307 0.174326
1 0.526144 0.591605 0.089461 0.180760
0 0.639808 0.696232 0.079861 0.113664
1 0.708946 0.693474 0.074755 0.095282
0 0.572406 0.445159 0.066789 0.079657
0 0.461091 0.442402 0.056577 0.095588
0 0.512153 0.450521 0.066789 0.105699
0 0.479065 0.534773 0.050449 0.095282
0 0.645323 0.446998 0.068423 0.101716
0 0.687194 0.472426 0.037377 0.058211
0 0.600797 0.393382 0.081087 0.081495