1 0.361724 0.542126 0.125817 0.211091
0 0.444955 0.647365 0.077819 0.123775
0 0.656352 0.429075 0.056985 0.119179
0 0.686785 0.567555 0.092525 0.139400
0 0.537071 0.525276 0.091708 0.138787
0 0.525327 0.653799 0.076389 0.120711
0 0.540033 0.324449 0.053922 0.085784
0 0.428309 0.381893 0.116013 0.160233
0 0.645221 0.639400 0.074346 0.100490
0 0.604167 0.460478 0.116830 0.166667
0 0.485090 0.329963 0.068627 0.091299
0 0.545650 0.405331 0.072917 0.093137
1 0.585274 0.611366 0.062296 0.112439
0 0.442402 0.539675 0.045752 0.098958
0 0.457312 0.467525 0.077206 0.099265
0 0.463235 0.282935 0.053922 0.049939
0 0.483354 0.679688 0.039828 0.097733
0 0.483354 0.613817 0.037786 0.060355