1 0.548815 0.467065 0.132761 0.189645
1 0.402574 0.252911 0.087827 0.079963
1 0.665237 0.439798 0.097631 0.170037
1 0.421058 0.495251 0.093342 0.137561
1 0.501225 0.305760 0.107843 0.164828
1 0.397059 0.344363 0.100899 0.159926
1 0.597426 0.580729 0.125000 0.160846
0 0.500408 0.550858 0.063725 0.088848
0 0.448529 0.459865 0.069444 0.114583
0 0.476409 0.596661 0.056985 0.084252
0 0.592525 0.342371 0.085376 0.121630
0 0.528901 0.611520 0.038194 0.055760
0 0.358252 0.401501 0.056373 0.084865