1 0.342438 0.508061 0.138585 0.225708
1 0.496694 0.397386 0.080219 0.075817
1 0.490081 0.547930 0.150949 0.238344
0 0.325906 0.773856 0.083669 0.125490
0 0.410437 0.679085 0.104945 0.132026
0 0.403680 0.780174 0.073030 0.095425
0 0.419638 0.391285 0.085969 0.141176
0 0.257763 0.695643 0.089419 0.146841
0 0.271420 0.827233 0.070730 0.103268
0 0.220960 0.764924 0.055492 0.083224
1 0.518114 0.652941 0.101783 0.132026
0 0.316417 0.616776 0.082519 0.093682
0 0.342582 0.841394 0.054917 0.059259