0 0.642157 0.558824 0.076389 0.113358
1 0.536254 0.670496 0.095384 0.125919
1 0.495609 0.574602 0.098652 0.153493
0 0.516646 0.449295 0.056168 0.090993
0 0.578942 0.586703 0.059028 0.085784
0 0.382149 0.639859 0.065359 0.067096
1 0.448734 0.466605 0.085376 0.128676
0 0.588133 0.448223 0.079453 0.115809
0 0.532373 0.397365 0.047590 0.064338
1 0.449346 0.695466 0.083742 0.076593
0 0.453329 0.656556 0.068015 0.100490
1 0.398999 0.564798 0.086397 0.143689
0 0.643791 0.476869 0.043301 0.076900