1 0.444012 0.355546 0.265941 0.205022
0 0.736081 0.551462 0.151477 0.122792
0 0.266874 0.545392 0.159253 0.134382
0 0.690047 0.791391 0.114152 0.105960
0 0.622862 0.691225 0.150233 0.149007
0 0.461897 0.681981 0.166719 0.131071
0 0.618040 0.462610 0.153655 0.152042
0 0.254743 0.414597 0.126283 0.123344
0 0.280560 0.638383 0.178538 0.113962
0 0.406687 0.838162 0.172628 0.148731
0 0.351322 0.761175 0.165163 0.096302
0 0.579471 0.829332 0.158631 0.149834
0 0.425350 0.562086 0.152722 0.134658
0 0.743546 0.466198 0.096112 0.069260
0 0.382271 0.419702 0.161742 0.165011
0 0.488802 0.499862 0.111042 0.091336
0 0.694557 0.646937 0.112597 0.108444