1 0.470078 0.456801 0.137868 0.228554
1 0.586091 0.356924 0.121528 0.170343
1 0.658905 0.603554 0.146242 0.218750
0 0.672181 0.425551 0.083333 0.140319
0 0.770731 0.520221 0.105596 0.142157
0 0.673407 0.310202 0.067810 0.106311
1 0.695874 0.735600 0.074755 0.093750
1 0.552083 0.598192 0.087010 0.158395
1 0.776757 0.630362 0.100899 0.130821
0 0.514808 0.325674 0.046773 0.080882
0 0.407067 0.219516 0.064134 0.089767
1 0.767565 0.356311 0.134395 0.176471
0 0.444036 0.294884 0.066176 0.090380
0 0.658803 0.836091 0.050858 0.089461
0 0.575980 0.506434 0.067810 0.113358
0 0.721201 0.823376 0.075980 0.109988
1 0.688419 0.930453 0.105188 0.124387
1 0.829044 0.953431 0.101307 0.091912