1 0.480188 0.781863 0.110703 0.110907
1 0.506842 0.433058 0.072508 0.121017
0 0.430249 0.419424 0.085172 0.125613
1 0.357230 0.506740 0.126634 0.190564
0 0.593444 0.409926 0.101103 0.140319
1 0.282271 0.525582 0.087418 0.180453
0 0.428717 0.659467 0.111111 0.166973
1 0.600490 0.656863 0.105392 0.148897
1 0.663501 0.539522 0.114175 0.180760
0 0.679126 0.412377 0.066993 0.085172
0 0.458333 0.525123 0.073121 0.113358
1 0.397774 0.711091 0.049632 0.080882
0 0.497345 0.695159 0.078023 0.121936
0 0.734375 0.511183 0.054534 0.100184
1 0.547896 0.537224 0.103145 0.166973
0 0.344465 0.389400 0.075368 0.075980
0 0.352533 0.635263 0.049837 0.062194
0 0.713848 0.418045 0.023693 0.081189
0 0.542075 0.678002 0.049428 0.113358