0 0.753472 0.459099 0.078840 0.101409
1 0.704044 0.684283 0.057598 0.067708
0 0.597018 0.320312 0.080474 0.099571
1 0.606311 0.585631 0.085172 0.098346
0 0.584048 0.671875 0.066789 0.096814
0 0.659824 0.301930 0.052492 0.098346
1 0.744281 0.588542 0.092729 0.147672
1 0.431577 0.375919 0.093137 0.148897
0 0.481311 0.288603 0.054943 0.079044
0 0.359069 0.340993 0.053922 0.098039
0 0.319751 0.414675 0.057802 0.087929
1 0.606107 0.446844 0.125613 0.179841
0 0.508987 0.446385 0.056373 0.088235
0 0.766850 0.406710 0.065564 0.053615
0 0.687194 0.520833 0.080270 0.120098
0 0.511540 0.340074 0.054534 0.076593
0 0.368770 0.442096 0.064747 0.095588
0 0.351001 0.503676 0.057394 0.083333
0 0.670547 0.632353 0.065768 0.094975
0 0.786560 0.520067 0.055147 0.055453
1 0.548611 0.643076 0.045752 0.098039
0 0.533803 0.558824 0.043913 0.084559
0 0.641340 0.696844 0.064134 0.113664
0 0.553922 0.509498 0.048611 0.098039
0 0.686275 0.384344 0.070670 0.101409
0 0.707516 0.397365 0.064542 0.103554
1 0.544424 0.368413 0.027574 0.086091