1 0.621119 0.449908 0.080882 0.139400
0 0.498979 0.523591 0.074346 0.113358
1 0.505004 0.661458 0.105188 0.133578
1 0.555964 0.449602 0.053513 0.081189
1 0.573427 0.339001 0.083129 0.116728
1 0.488971 0.322457 0.082108 0.111826
1 0.571487 0.555607 0.079657 0.132047
1 0.428513 0.563572 0.085376 0.136336
1 0.472222 0.438266 0.090686 0.122243
0 0.532271 0.392310 0.033905 0.047488
1 0.603145 0.382047 0.045343 0.058824
1 0.526552 0.461857 0.016340 0.047488
0 0.568423 0.650123 0.040033 0.063725
0 0.586091 0.646906 0.021038 0.048713
0 0.612030 0.575827 0.052900 0.102635
0 0.627859 0.605086 0.041258 0.045956
0 0.628574 0.522672 0.037786 0.026348