1 0.576900 0.367494 0.130923 0.188419
1 0.530229 0.541360 0.128268 0.164828
1 0.432394 0.505515 0.081291 0.120711
0 0.427390 0.257200 0.073734 0.106924
1 0.458946 0.409007 0.114788 0.177696
0 0.503166 0.209252 0.074959 0.093750
0 0.446283 0.183824 0.058415 0.072917
0 0.486928 0.290748 0.085784 0.106005
0 0.440666 0.584865 0.043505 0.039828
0 0.353452 0.410386 0.040645 0.076287
0 0.380106 0.395833 0.035539 0.087010
0 0.413399 0.363205 0.045752 0.098346
1 0.557496 0.267923 0.060662 0.024816
0 0.466095 0.596354 0.030229 0.043811
0 0.377145 0.480545 0.046773 0.084865
0 0.364073 0.493107 0.062296 0.089154
0 0.385825 0.325368 0.020833 0.055147
0 0.394608 0.277727 0.039216 0.079963