1 0.602941 0.468597 0.114788 0.160846
1 0.722529 0.479933 0.133374 0.171262
0 0.368566 0.412990 0.054943 0.078431
0 0.493362 0.345435 0.066381 0.105086
0 0.281658 0.476409 0.056373 0.081495
0 0.304841 0.413909 0.063113 0.094975
0 0.261029 0.387714 0.056781 0.084865
1 0.758272 0.301624 0.113766 0.171875
0 0.677696 0.148284 0.077614 0.090686
1 0.641033 0.344363 0.120711 0.181985
0 0.675245 0.226103 0.082516 0.112745
0 0.339257 0.333333 0.062908 0.093137
0 0.467116 0.233456 0.085784 0.126838
1 0.790952 0.412071 0.058211 0.104779
0 0.388072 0.443168 0.039624 0.068934
0 0.383681 0.261642 0.050041 0.065564
0 0.401859 0.340686 0.057394 0.091912
0 0.546569 0.261336 0.070261 0.104779
0 0.515319 0.152574 0.069444 0.109069
0 0.339971 0.481005 0.056985 0.090074
0 0.586806 0.195925 0.072712 0.101409
0 0.331087 0.270374 0.058415 0.073223
0 0.415543 0.214154 0.034926 0.075980
0 0.556475 0.346048 0.050858 0.091605
0 0.479882 0.428768 0.045547 0.090993
0 0.513276 0.414216 0.044935 0.055760
0 0.461806 0.157629 0.041667 0.045650
0 0.452819 0.323989 0.037173 0.070159
0 0.536050 0.393689 0.037786 0.062500
0 0.423305 0.377298 0.049632 0.084865
0 0.464052 0.115502 0.062500 0.083946
0 0.617647 0.221661 0.053513 0.092831
0 0.559845 0.151808 0.035948 0.078738
0 0.606720 0.126532 0.063521 0.095588
0 0.644812 0.118413 0.027778 0.056679
0 0.732026 0.221201 0.040850 0.033701