0 0.317810 0.314338 0.071895 0.101716
0 0.348856 0.475490 0.060458 0.098039
0 0.330474 0.491422 0.054739 0.100490
0 0.330474 0.431373 0.036765 0.031863
0 0.388889 0.500613 0.032680 0.030637
0 0.403186 0.428309 0.069444 0.121324
0 0.403186 0.313725 0.066176 0.102941
0 0.429330 0.282475 0.043301 0.077206
0 0.468137 0.296569 0.037582 0.056373
1 0.484477 0.431373 0.039216 0.078431
1 0.526961 0.405025 0.058824 0.091912
1 0.548611 0.327206 0.072712 0.110294
0 0.495915 0.344975 0.032680 0.052696
0 0.574346 0.421569 0.060458 0.090686
0 0.617239 0.437500 0.048203 0.075980
0 0.604575 0.370711 0.049020 0.079657
0 0.641748 0.376225 0.044935 0.078431
0 0.625000 0.329044 0.047386 0.033088
1 0.563317 0.257353 0.049837 0.071078
0 0.591095 0.236520 0.049837 0.085784
0 0.612337 0.278186 0.049837 0.068627
0 0.660539 0.284314 0.046569 0.075980
0 0.677288 0.315564 0.049020 0.082108