1 0.547283 0.567249 0.132966 0.176777
1 0.381025 0.299326 0.104371 0.153799
0 0.328329 0.583793 0.065155 0.097120
0 0.361520 0.679841 0.067402 0.104779
0 0.326593 0.694700 0.061683 0.116115
0 0.569138 0.226409 0.060253 0.106005
1 0.574142 0.429534 0.104167 0.154412
0 0.474571 0.488051 0.088440 0.125000
0 0.399101 0.368873 0.095180 0.149510
0 0.390931 0.749847 0.053922 0.095895
1 0.620098 0.341912 0.080474 0.141544
1 0.489992 0.349571 0.098856 0.152574
1 0.480086 0.204657 0.112132 0.142770
1 0.434743 0.539675 0.055351 0.073836
0 0.323325 0.464614 0.035948 0.072610
1 0.385825 0.468290 0.094363 0.138174
0 0.429841 0.680913 0.059845 0.095895
0 0.644506 0.425705 0.039828 0.081801
0 0.401144 0.590074 0.067402 0.088848
0 0.469056 0.590074 0.034926 0.080882
0 0.336908 0.395527 0.032884 0.080270
1 0.603962 0.259344 0.037990 0.035846
0 0.547590 0.297335 0.067402 0.123468
0 0.432598 0.245558 0.058824 0.121017
0 0.463542 0.622243 0.045139 0.074755
0 0.367034 0.521140 0.072304 0.055147