0 0.431577 0.333793 0.069444 0.097733
1 0.406761 0.229626 0.079861 0.109375
1 0.470384 0.202819 0.069036 0.107843
0 0.606413 0.376991 0.059641 0.087316
0 0.495404 0.317862 0.053717 0.081189
1 0.384804 0.434130 0.058007 0.125000
1 0.519301 0.260876 0.095384 0.123468
1 0.513889 0.473499 0.102941 0.152880
0 0.443934 0.522978 0.068015 0.091912
0 0.486315 0.408548 0.074346 0.107537
0 0.545343 0.358915 0.058415 0.087929
0 0.428105 0.431985 0.063725 0.101716
0 0.607230 0.456495 0.052696 0.073529
0 0.449857 0.282169 0.042688 0.042279
0 0.392259 0.331495 0.046364 0.099265
0 0.480392 0.144608 0.066993 0.054534
1 0.510927 0.558824 0.063113 0.045956
0 0.639093 0.386642 0.032680 0.076593
0 0.574653 0.481005 0.022263 0.071691
0 0.578329 0.308364 0.045956 0.081801
1 0.545445 0.209865 0.079861 0.129289
0 0.615196 0.316023 0.034314 0.048713