1 0.250715 0.339154 0.109681 0.200368
0 0.335989 0.279259 0.099265 0.140625
0 0.540645 0.330423 0.051879 0.062194
0 0.648489 0.513940 0.064951 0.103248
1 0.335172 0.569393 0.097222 0.098958
0 0.456291 0.563879 0.085784 0.128370
0 0.332006 0.506127 0.072508 0.088235
0 0.474571 0.340380 0.076593 0.116422
0 0.266544 0.483150 0.056373 0.081495
0 0.587418 0.486213 0.084559 0.128064
0 0.511336 0.469669 0.061479 0.108456
0 0.489481 0.255055 0.072508 0.100184
0 0.600388 0.345895 0.053717 0.077206
0 0.469873 0.656863 0.066789 0.090074
0 0.316279 0.420803 0.089257 0.130821
0 0.518587 0.571844 0.046569 0.087316
0 0.419016 0.259957 0.075368 0.126532
0 0.562092 0.554841 0.050245 0.087623
0 0.556883 0.383885 0.069649 0.095588
0 0.397774 0.374694 0.076185 0.118873
0 0.632353 0.406250 0.070670 0.101716
0 0.443934 0.448070 0.075368 0.101409
0 0.406352 0.619792 0.062704 0.118873
0 0.384293 0.471048 0.047590 0.100797
0 0.669628 0.469975 0.038603 0.063113
0 0.404616 0.528646 0.043301 0.062194
0 0.252655 0.533241 0.067402 0.116728
0 0.661867 0.396752 0.044322 0.098039