1 0.348652 0.393995 0.071895 0.122549
0 0.306270 0.563572 0.082312 0.105086
0 0.611622 0.430300 0.100694 0.144914
0 0.540543 0.530637 0.093750 0.144608
1 0.252145 0.574755 0.050449 0.166054
0 0.372243 0.480392 0.080678 0.117034
1 0.330576 0.671875 0.111724 0.132966
0 0.416258 0.382506 0.082925 0.122855
1 0.510008 0.414522 0.112745 0.177696
0 0.545445 0.272365 0.079861 0.128064
0 0.679024 0.607384 0.077410 0.106311
0 0.391953 0.283088 0.069036 0.117034
0 0.463644 0.266697 0.084150 0.128983
0 0.628268 0.569853 0.079248 0.116422
1 0.405025 0.602022 0.121324 0.171569
0 0.593750 0.642004 0.082108 0.111826
0 0.692810 0.500153 0.080882 0.109988
0 0.477533 0.206036 0.062908 0.060968
0 0.293607 0.493107 0.068832 0.101409
0 0.514195 0.588542 0.070874 0.091912
0 0.709559 0.644761 0.032680 0.054841
0 0.291156 0.419271 0.050449 0.068321
0 0.682292 0.429841 0.043505 0.056985