1 0.419538 0.415788 0.227353 0.179538
1 0.582416 0.329011 0.100533 0.096609
0 0.571226 0.422628 0.078863 0.088344
0 0.285258 0.527073 0.126465 0.102878
0 0.313499 0.673839 0.094139 0.082930
0 0.551687 0.507552 0.112966 0.096324
0 0.361456 0.581077 0.138188 0.112283
0 0.458082 0.557139 0.113321 0.098034
0 0.389876 0.734540 0.125400 0.094329
0 0.499467 0.592904 0.049023 0.050442
0 0.437655 0.655172 0.095204 0.084355
0 0.549201 0.280849 0.080995 0.051012
0 0.567673 0.550299 0.097336 0.046167
0 0.250977 0.621402 0.106927 0.059561
0 0.488988 0.653748 0.040142 0.089484
0 0.492185 0.324594 0.065009 0.054146