1 0.581393 0.460631 0.128064 0.185355
1 0.407067 0.330576 0.094771 0.110294
0 0.543403 0.362592 0.065155 0.090380
0 0.538297 0.578278 0.082721 0.113051
0 0.694240 0.485754 0.070261 0.090380
0 0.392055 0.435968 0.076593 0.139706
0 0.371528 0.531097 0.058824 0.083640
1 0.470282 0.356311 0.082721 0.113971
1 0.344261 0.562194 0.080678 0.140319
1 0.469261 0.500613 0.097018 0.164828
0 0.580065 0.687347 0.059641 0.090993
0 0.658088 0.537377 0.054330 0.095588
0 0.345690 0.446078 0.033701 0.090686
0 0.684947 0.657782 0.048407 0.063113
0 0.609886 0.556219 0.054330 0.058517
1 0.626225 0.423560 0.068219 0.125306
0 0.413092 0.600490 0.054126 0.074142
0 0.422283 0.545496 0.048815 0.076900
0 0.588644 0.607537 0.041258 0.055760
0 0.473243 0.601409 0.066176 0.058824
0 0.660029 0.431679 0.027574 0.106005
0 0.640421 0.603860 0.036969 0.049632