1 0.374089 0.185033 0.213319 0.092928
1 0.706903 0.279914 0.186611 0.123561
1 0.290669 0.383738 0.169268 0.124383
0 0.524801 0.231805 0.145682 0.102179
0 0.394381 0.449322 0.156087 0.087377
1 0.762400 0.396998 0.140132 0.112664
0 0.493236 0.541838 0.122095 0.075863
0 0.257024 0.268914 0.141519 0.103207
0 0.669442 0.381887 0.122789 0.072985
0 0.789455 0.472965 0.105446 0.054071
0 0.390912 0.532278 0.109608 0.063322
0 0.634062 0.547697 0.144988 0.088816
0 0.788935 0.593236 0.111342 0.066817
0 0.636316 0.304996 0.112730 0.079975
0 0.467742 0.379523 0.129379 0.075247
0 0.590010 0.414268 0.147069 0.084293
0 0.387444 0.600535 0.155394 0.067845
0 0.557579 0.328742 0.125217 0.082237
1 0.415886 0.278063 0.203954 0.122327
0 0.773326 0.534642 0.121054 0.067229
0 0.525668 0.461246 0.105099 0.071340
0 0.659036 0.462891 0.144294 0.077919
0 0.859695 0.521998 0.104405 0.071957
0 0.394901 0.372430 0.050295 0.061061
0 0.531391 0.621813 0.131113 0.079564