1 0.676062 0.609988 0.115605 0.153186
0 0.568832 0.441023 0.087827 0.137561
0 0.608150 0.505208 0.064338 0.104167
0 0.517872 0.281250 0.048815 0.069853
1 0.758578 0.595129 0.074755 0.139400
1 0.744179 0.687040 0.050858 0.063419
1 0.693730 0.379596 0.083946 0.128064
0 0.728860 0.489124 0.062704 0.096507
0 0.639604 0.316789 0.065564 0.071691
0 0.498672 0.360141 0.076185 0.114890
0 0.426164 0.427543 0.087214 0.122855
0 0.567504 0.319393 0.064338 0.102022
0 0.314645 0.503064 0.096609 0.139093
0 0.398897 0.562194 0.092729 0.144608
1 0.659620 0.468290 0.076593 0.127145
0 0.307802 0.311734 0.061275 0.136949
0 0.345486 0.362745 0.097835 0.157475
0 0.405944 0.336397 0.056168 0.085784
0 0.445466 0.484222 0.079657 0.078738
0 0.494179 0.441789 0.056577 0.057598
0 0.617647 0.387408 0.055964 0.098958
0 0.625919 0.370558 0.050041 0.098958
1 0.721712 0.432445 0.028391 0.028493
0 0.690768 0.696844 0.071487 0.083027
0 0.651246 0.706189 0.039420 0.052083
1 0.502349 0.624387 0.107230 0.147059