0 0.641850 0.566942 0.070874 0.124694
0 0.610498 0.277114 0.109477 0.158395
1 0.520221 0.348499 0.079657 0.142463
0 0.316279 0.419884 0.070874 0.109988
1 0.714461 0.305607 0.103758 0.186581
1 0.130923 0.099112 0.056781 0.084865
0 0.678309 0.631434 0.075572 0.102941
0 0.467218 0.479779 0.077819 0.121324
0 0.442402 0.384191 0.074755 0.112745
1 0.668811 0.418199 0.121528 0.194853
0 0.375511 0.444547 0.087623 0.139093
1 0.096405 0.054075 0.066993 0.090380
1 0.563828 0.528952 0.117443 0.152267
0 0.563930 0.401042 0.082108 0.130515
0 0.393893 0.600490 0.045956 0.071078
1 0.764910 0.570772 0.088644 0.136642
0 0.386336 0.359681 0.036152 0.041054
0 0.454759 0.571385 0.066789 0.081495
0 0.758987 0.402114 0.040033 0.063419
1 0.726511 0.502298 0.135212 0.190870
1 0.624694 0.640319 0.068423 0.080270