0 0.322174 0.707635 0.152174 0.060335
0 0.333478 0.739851 0.122609 0.024209
0 0.286522 0.765549 0.153913 0.058473
0 0.391304 0.798324 0.140870 0.045065
0 0.426957 0.767598 0.135652 0.054376
0 0.508696 0.755680 0.064348 0.046182
0 0.594783 0.804842 0.168696 0.058845
0 0.456522 0.831099 0.170435 0.065177
0 0.406522 0.866667 0.080870 0.020857
0 0.370000 0.902421 0.113913 0.052886
0 0.443478 0.929981 0.128696 0.049162
0 0.500435 0.878399 0.146957 0.068156
0 0.558261 0.862197 0.074783 0.040223
0 0.647391 0.894972 0.162609 0.060335