0 0.567913 0.582414 0.065972 0.117034
0 0.505923 0.618719 0.100082 0.141238
0 0.513276 0.473805 0.092320 0.136336
1 0.409824 0.537377 0.126838 0.188113
0 0.312908 0.399816 0.064951 0.109069
0 0.692402 0.349112 0.091912 0.136949
1 0.387868 0.328891 0.108252 0.170650
0 0.444751 0.376991 0.085580 0.135723
0 0.752553 0.571078 0.072508 0.115196
0 0.532680 0.212776 0.064134 0.093444
0 0.617647 0.384191 0.048611 0.072917
1 0.567300 0.439951 0.078636 0.159314
0 0.574142 0.317708 0.055964 0.113358
0 0.672386 0.558364 0.083333 0.112439
0 0.643382 0.453125 0.067810 0.103554
1 0.500817 0.293045 0.101307 0.144914
0 0.351920 0.457567 0.071487 0.106311
0 0.781148 0.467831 0.057802 0.095588
0 0.721099 0.463235 0.075776 0.111520
1 0.306883 0.485754 0.065155 0.103248
0 0.460989 0.651042 0.039624 0.067402