0 0.562704 0.659620 0.088235 0.110907
1 0.663909 0.546875 0.083946 0.123775
1 0.506944 0.393689 0.118873 0.175245
0 0.666156 0.352788 0.056985 0.103248
0 0.603452 0.326287 0.099060 0.143995
0 0.592627 0.466299 0.077002 0.115196
0 0.700878 0.450214 0.054126 0.095895
1 0.490196 0.277267 0.088235 0.118873
1 0.519097 0.556373 0.094567 0.142157
0 0.624489 0.606771 0.058211 0.076287
1 0.653391 0.462010 0.074346 0.122549
1 0.583640 0.235141 0.100286 0.111826
0 0.558109 0.720435 0.065564 0.068321
0 0.591912 0.564338 0.067810 0.099877
0 0.710886 0.554534 0.052083 0.096814