1 0.577308 0.404718 0.103962 0.157475
1 0.636846 0.366728 0.069036 0.111520
0 0.419935 0.495711 0.071895 0.112745
0 0.369792 0.472426 0.050041 0.083946
1 0.484069 0.430147 0.088235 0.129902
0 0.390114 0.548713 0.050654 0.068627
1 0.540441 0.595588 0.068219 0.082108
0 0.541871 0.522365 0.067402 0.096201
1 0.488868 0.603401 0.068832 0.108150
1 0.658497 0.482996 0.067402 0.117953
0 0.454861 0.566789 0.046977 0.069240
0 0.621426 0.523591 0.077819 0.118260
0 0.413194 0.407782 0.054330 0.071691
0 0.432087 0.422335 0.019812 0.049326
0 0.604269 0.593597 0.060253 0.078125