1 0.448529 0.341605 0.084559 0.105392
1 0.442198 0.527574 0.062500 0.094363
0 0.501634 0.404871 0.059641 0.088542
0 0.454453 0.447304 0.048611 0.069853
1 0.499285 0.500766 0.066381 0.095895
0 0.564032 0.478248 0.050041 0.070466
0 0.428513 0.436734 0.042892 0.079963
0 0.398897 0.497549 0.038399 0.060049
0 0.517361 0.367188 0.049020 0.071998
0 0.568219 0.531710 0.033905 0.051777
0 0.531454 0.532475 0.046160 0.068015
0 0.415135 0.551471 0.023080 0.061275
0 0.529310 0.440870 0.044322 0.061887
0 0.472324 0.566176 0.037377 0.035539
0 0.547181 0.425858 0.023693 0.045343