1 0.603043 0.430607 0.149714 0.235600
0 0.424530 0.240809 0.075368 0.123775
1 0.280637 0.360754 0.130310 0.205576
1 0.352737 0.212163 0.082516 0.062194
1 0.500306 0.220435 0.067606 0.083027
0 0.345486 0.288143 0.085989 0.119179
1 0.478554 0.472273 0.112337 0.182904
0 0.461193 0.689491 0.068627 0.114890
1 0.369485 0.478860 0.107843 0.161765
0 0.577104 0.242341 0.114175 0.158701
0 0.517055 0.611826 0.085580 0.118260
0 0.477226 0.305607 0.088031 0.132659
0 0.445976 0.577359 0.061479 0.088542
0 0.408292 0.617494 0.060866 0.105086
0 0.396855 0.367494 0.092320 0.133885
0 0.537071 0.693321 0.070057 0.113358
0 0.646242 0.296262 0.034722 0.078431