1 0.299291 0.183388 0.113642 0.158124
0 0.468489 0.472737 0.091116 0.105780
1 0.228550 0.416939 0.126550 0.183933
1 0.208049 0.229916 0.127563 0.185024
1 0.472412 0.199564 0.091369 0.071974
0 0.398507 0.131770 0.075171 0.097056
1 0.540370 0.324609 0.071881 0.192657
0 0.383574 0.230098 0.079727 0.131589
1 0.465199 0.323700 0.135156 0.204653
1 0.143381 0.342603 0.084282 0.183570
1 0.358770 0.423664 0.132372 0.193021
1 0.316629 0.311160 0.095672 0.143221
1 0.389269 0.512177 0.080486 0.068339
1 0.216274 0.126318 0.049355 0.027263