0 0.422181 0.531250 0.077614 0.109069
1 0.676164 0.306985 0.125204 0.187500
1 0.714563 0.459559 0.099060 0.150735
1 0.580474 0.304994 0.089052 0.150429
1 0.636234 0.584559 0.125817 0.181373
1 0.523897 0.617341 0.109886 0.178922
1 0.612847 0.417892 0.099469 0.150123
0 0.287582 0.406710 0.059232 0.078738
0 0.297998 0.320312 0.061683 0.086703
0 0.370915 0.341759 0.075572 0.101409
0 0.402778 0.316483 0.057598 0.082721
0 0.537173 0.471201 0.078840 0.121936
0 0.422283 0.417892 0.073734 0.112745
0 0.767055 0.329657 0.071691 0.131740
0 0.350388 0.436734 0.066789 0.092218
0 0.484783 0.442249 0.049632 0.093444
0 0.515012 0.332261 0.054534 0.117341
0 0.335069 0.279871 0.056985 0.061581
1 0.694547 0.222426 0.082721 0.071078
0 0.459967 0.579504 0.046160 0.088542
1 0.768893 0.442249 0.035743 0.111826