1 0.492647 0.560509 0.104984 0.195159
1 0.380617 0.512868 0.159926 0.219975
0 0.494179 0.156556 0.067198 0.111520
1 0.562500 0.547181 0.051471 0.140319
1 0.385621 0.675551 0.125817 0.130515
0 0.539522 0.083640 0.067198 0.104167
1 0.411663 0.374387 0.113358 0.122549
0 0.506536 0.412071 0.080882 0.125000
0 0.352635 0.289062 0.039828 0.078738
1 0.300654 0.488817 0.088235 0.199449
0 0.560764 0.420343 0.047181 0.103554
0 0.385008 0.296109 0.071078 0.086091
0 0.603145 0.105545 0.061275 0.065257
0 0.535131 0.180300 0.022876 0.081189
0 0.547079 0.261029 0.038194 0.060049
0 0.603758 0.229626 0.070261 0.104473