0 0.233660 0.591912 0.042484 0.056373
0 0.263480 0.637255 0.041667 0.056373
0 0.230801 0.558824 0.036765 0.044118
0 0.266748 0.558824 0.041667 0.061275
0 0.285131 0.522059 0.039216 0.046569
0 0.303922 0.559436 0.034314 0.055147
0 0.301062 0.625000 0.041667 0.061275
0 0.298203 0.663603 0.042484 0.045343
0 0.418709 0.443015 0.041667 0.062500
0 0.403595 0.472426 0.035948 0.047794
0 0.381127 0.510417 0.038399 0.062500
0 0.410539 0.523284 0.041667 0.058824
0 0.440768 0.479779 0.035131 0.055147
0 0.401961 0.580882 0.039216 0.058824
0 0.450980 0.593137 0.039216 0.058824
0 0.439134 0.712010 0.028595 0.058824
0 0.457108 0.745711 0.044935 0.069853
0 0.468546 0.686275 0.043301 0.068627
0 0.490605 0.708946 0.033497 0.052696
0 0.486520 0.619485 0.043301 0.064951
0 0.499592 0.657475 0.040033 0.055147
0 0.498775 0.514093 0.043301 0.069853
0 0.478758 0.513480 0.026144 0.058824
0 0.531454 0.487132 0.043301 0.064951
0 0.529003 0.531863 0.030229 0.029412
0 0.566993 0.498775 0.035948 0.053922
0 0.559232 0.465074 0.031863 0.030637
0 0.545343 0.571691 0.046569 0.069853
0 0.558415 0.537990 0.035131 0.058824
0 0.592729 0.524510 0.043301 0.061275
0 0.591912 0.571078 0.041667 0.049020
0 0.580882 0.601103 0.045752 0.072304
0 0.545343 0.642157 0.048203 0.073529
0 0.577614 0.657475 0.032680 0.050245
0 0.613154 0.637255 0.048203 0.075980
0 0.596814 0.694853 0.046569 0.075980
0 0.637663 0.599877 0.044935 0.062500
0 0.614379 0.587010 0.024510 0.029412
0 0.637663 0.674632 0.048203 0.064951
0 0.652778 0.647059 0.032680 0.046569
0 0.634804 0.719363 0.032680 0.041667