1 0.535191 0.257501 0.149398 0.181565
0 0.414443 0.060161 0.086342 0.098670
1 0.733516 0.526137 0.161957 0.202289
0 0.552983 0.144293 0.100209 0.081967
0 0.518577 0.409063 0.100994 0.122178
0 0.647305 0.180019 0.103611 0.120631
0 0.610283 0.492731 0.105965 0.114445
1 0.663134 0.355088 0.194924 0.228890
0 0.661041 0.118466 0.115908 0.134859
1 0.438776 0.432570 0.113553 0.141973
1 0.625589 0.570059 0.077446 0.079802
0 0.730900 0.229818 0.079801 0.102072
0 0.445971 0.156047 0.081371 0.099907
0 0.367085 0.106867 0.091052 0.106712
0 0.489665 0.108568 0.059393 0.084132
0 0.455128 0.317507 0.075615 0.104238
0 0.789377 0.360501 0.085819 0.133313
0 0.521978 0.496443 0.066981 0.061862
0 0.288723 0.102691 0.068812 0.051964