1 0.555226 0.512522 0.172543 0.242091
0 0.417161 0.544815 0.096724 0.140598
0 0.338534 0.610721 0.109828 0.137961
0 0.446022 0.778559 0.102652 0.130053
1 0.316225 0.788664 0.153822 0.219684
0 0.714509 0.775264 0.054290 0.090070
0 0.599220 0.679262 0.077067 0.122144
1 0.276755 0.670694 0.064275 0.107645
0 0.649142 0.625439 0.048362 0.108524
0 0.380343 0.466828 0.103588 0.148946
0 0.522933 0.704965 0.100468 0.141916
0 0.753198 0.729569 0.077379 0.107645
0 0.835569 0.741872 0.080499 0.113796
0 0.793136 0.594025 0.072387 0.096661
1 0.430421 0.868190 0.129485 0.123023
0 0.428393 0.674209 0.083619 0.110281
0 0.857254 0.641916 0.063339 0.092267
0 0.777223 0.832601 0.073011 0.111599
0 0.740718 0.594903 0.064275 0.083480
0 0.461934 0.456063 0.046490 0.098418
0 0.476911 0.649605 0.050234 0.062830
0 0.517629 0.829745 0.044306 0.101494
0 0.570983 0.809534 0.100468 0.137522
0 0.618409 0.826230 0.044930 0.106766
0 0.778003 0.659930 0.073947 0.101054
0 0.827301 0.835237 0.040250 0.094025