1 0.430152 0.378950 0.161466 0.082680
1 0.564224 0.582561 0.178520 0.119743
1 0.554971 0.373842 0.100508 0.046804
1 0.572932 0.460917 0.159652 0.112141
1 0.391328 0.563079 0.160740 0.113566
1 0.650036 0.451770 0.081640 0.092421
0 0.473331 0.405084 0.099782 0.066524
0 0.276851 0.502019 0.100145 0.049418
1 0.295356 0.630910 0.142961 0.059634
0 0.432148 0.472678 0.112482 0.079591
0 0.253628 0.566762 0.126996 0.097173
0 0.292634 0.688168 0.075109 0.050131
0 0.320392 0.749228 0.074746 0.049180
0 0.248186 0.730577 0.073295 0.049418
0 0.361575 0.502257 0.080189 0.041340
0 0.343795 0.454383 0.080189 0.056783
0 0.359942 0.700760 0.067489 0.050606
0 0.253266 0.774174 0.077649 0.048230
0 0.388970 0.428011 0.089260 0.033500
0 0.379717 0.615348 0.082366 0.020908
0 0.193759 0.718104 0.047896 0.050131
0 0.225871 0.678308 0.093977 0.062723
0 0.563861 0.400214 0.078374 0.018769