1 0.499234 0.508876 0.152007 0.262507
0 0.386148 0.479290 0.083359 0.169984
1 0.557003 0.300430 0.127184 0.239376
0 0.413117 0.652501 0.088262 0.135557
0 0.399326 0.775148 0.093166 0.150619
0 0.488661 0.838623 0.089182 0.133405
0 0.380172 0.312803 0.065890 0.162991
0 0.474104 0.739914 0.072326 0.118881
0 0.443763 0.316568 0.088875 0.182356
0 0.375421 0.581495 0.049035 0.071006
0 0.603739 0.511834 0.061906 0.150081
0 0.476709 0.200377 0.085504 0.114578
0 0.675146 0.500000 0.066810 0.139322
0 0.522985 0.644701 0.081214 0.073696
0 0.610328 0.602743 0.087956 0.156536
0 0.654459 0.395643 0.115538 0.206025
0 0.650475 0.281065 0.073858 0.099516