0 0.030579 0.607843 0.050429 0.051471
0 0.048283 0.667892 0.070815 0.078431
0 0.118026 0.447304 0.066524 0.071078
0 0.129292 0.503064 0.043991 0.047794
0 0.152361 0.410539 0.051502 0.053922
0 0.183476 0.429534 0.053648 0.047794
1 0.196352 0.466299 0.079399 0.069853
0 0.197961 0.525735 0.063305 0.071078
0 0.210300 0.593137 0.072961 0.073529
0 0.250536 0.536765 0.056867 0.063725
1 0.241953 0.466912 0.052575 0.075980
1 0.297210 0.471201 0.075107 0.084559
0 0.302575 0.549632 0.062232 0.072304
0 0.289700 0.634191 0.075107 0.087010
1 0.285408 0.639093 0.100858 0.099265
0 0.337983 0.664216 0.062232 0.068627
0 0.363197 0.624387 0.046137 0.050245
1 0.370172 0.491422 0.066524 0.071078
0 0.372318 0.385417 0.062232 0.064951
0 0.444206 0.370711 0.062232 0.055147
0 0.391094 0.436887 0.052575 0.060049
1 0.434013 0.492034 0.069742 0.084559
0 0.419528 0.446691 0.038627 0.037990
1 0.471567 0.448529 0.067597 0.080882
0 0.450107 0.660539 0.061159 0.071078
0 0.466202 0.707721 0.063305 0.062500
1 0.494635 0.617034 0.072961 0.084559
0 0.560622 0.469363 0.050429 0.063725
0 0.600322 0.458946 0.056867 0.060049
1 0.621781 0.594363 0.078326 0.078431
0 0.675429 0.462623 0.071888 0.077206
0 0.661481 0.534926 0.061159 0.067402
0 0.691524 0.518995 0.037554 0.052696
0 0.679721 0.626225 0.061159 0.068627
0 0.667918 0.674020 0.043991 0.053922
0 0.716738 0.627451 0.025751 0.044118
1 0.747854 0.542279 0.083691 0.087010
0 0.736588 0.495711 0.063305 0.052696
0 0.765021 0.661152 0.064378 0.067402
0 0.805794 0.537990 0.032189 0.056373
0 0.750536 0.455882 0.054721 0.053922
0 0.791309 0.488971 0.050429 0.049020
0 0.824571 0.488971 0.028970 0.049020