1 0.557598 0.382659 0.079248 0.130515
0 0.516238 0.616728 0.059436 0.087623
1 0.502451 0.334865 0.044526 0.088848
1 0.445159 0.426777 0.105596 0.156863
0 0.514093 0.430300 0.037990 0.100797
1 0.468035 0.544118 0.090482 0.121324
0 0.557598 0.599418 0.055964 0.091605
0 0.459048 0.641850 0.057394 0.075368
1 0.408088 0.532169 0.032271 0.097426
0 0.574346 0.477022 0.028595 0.065564
0 0.456291 0.327206 0.072304 0.079044
0 0.542177 0.506281 0.066381 0.107537
1 0.390523 0.383732 0.058007 0.104473
1 0.387663 0.460325 0.036356 0.053002
0 0.510110 0.685355 0.050858 0.066176
0 0.430045 0.586397 0.023897 0.049020