0 0.534620 0.564951 0.061479 0.096201
1 0.654616 0.524510 0.073529 0.132966
1 0.578329 0.460325 0.099877 0.150429
1 0.606413 0.585784 0.082108 0.120098
1 0.517259 0.362592 0.067606 0.076900
1 0.433007 0.500000 0.080065 0.136029
1 0.492953 0.465686 0.074551 0.135417
0 0.625408 0.425092 0.034314 0.065870
0 0.552288 0.385417 0.053105 0.061887
0 0.499387 0.560968 0.020016 0.058211
1 0.492136 0.575674 0.070057 0.091299
0 0.469873 0.397825 0.063521 0.081801
0 0.441279 0.415441 0.029208 0.046569