1 0.829687 0.121709 0.082546 0.151963
0 0.830308 0.367898 0.060915 0.111316
0 0.832670 0.254042 0.060169 0.114550
0 0.708727 0.128868 0.085281 0.152425
0 0.762183 0.080139 0.062904 0.117783
0 0.570612 0.291686 0.063650 0.120554
0 0.641223 0.391224 0.054699 0.096074
1 0.886251 0.247113 0.066385 0.155196
0 0.638737 0.283141 0.058180 0.116397
0 0.664595 0.206467 0.064147 0.133025
0 0.529339 0.200462 0.056688 0.108083
0 0.532819 0.363972 0.051716 0.102540
0 0.697787 0.398383 0.054451 0.092841
1 0.882273 0.356120 0.045997 0.083141
0 0.511313 0.290531 0.047489 0.085912
0 0.779836 0.200231 0.063899 0.119630
0 0.567379 0.162125 0.048732 0.089607
0 0.697166 0.311085 0.056688 0.097460
0 0.723521 0.244804 0.053207 0.089607
0 0.749876 0.277829 0.039781 0.069746
0 0.793884 0.306005 0.052213 0.087298
0 0.748260 0.338337 0.060418 0.072517
0 0.680383 0.453580 0.046992 0.075751
1 0.775733 0.369515 0.040776 0.048961