1 0.619996 0.612286 0.113766 0.179228
1 0.601103 0.424786 0.093954 0.122855
1 0.930964 0.321232 0.093546 0.133272
1 0.799939 0.340686 0.069649 0.118873
0 0.894097 0.511336 0.056985 0.066789
0 0.824755 0.422488 0.056373 0.078431
1 0.867136 0.256740 0.081495 0.107843
0 0.800143 0.465993 0.057394 0.080882
1 0.566074 0.506893 0.115400 0.171262
0 0.886744 0.384498 0.069649 0.099877
0 0.867851 0.479473 0.065768 0.085784
0 0.537990 0.621477 0.050654 0.086091
0 0.521650 0.432292 0.055964 0.077206
0 0.448734 0.477941 0.055964 0.086397
0 0.492647 0.646906 0.053513 0.079963
0 0.480596 0.554381 0.066176 0.104473
0 0.429841 0.635723 0.066789 0.090074
0 0.911458 0.436887 0.036560 0.063113
0 0.833640 0.538756 0.059028 0.083027
0 0.406761 0.554994 0.073325 0.098346
0 0.639093 0.507506 0.020833 0.034007
1 0.494485 0.494485 0.036765 0.050858