1 0.574424 0.306066 0.224424 0.097018
0 0.685023 0.533803 0.136866 0.051675
0 0.553226 0.828840 0.128571 0.066585
0 0.676037 0.842014 0.128111 0.061887
1 0.341014 0.422896 0.124424 0.083946
0 0.698387 0.721099 0.144240 0.071691
0 0.367512 0.501021 0.138710 0.058007
0 0.284332 0.496017 0.106912 0.059436
0 0.851843 0.604779 0.113825 0.053105
0 0.782488 0.578942 0.135484 0.063521
0 0.608295 0.451083 0.119816 0.036969
0 0.561982 0.402676 0.182028 0.080678
0 0.599078 0.665748 0.148387 0.064338
0 0.520968 0.516544 0.122120 0.058007
0 0.657834 0.585784 0.114747 0.047794
0 0.627880 0.494996 0.158986 0.067198
0 0.413134 0.397365 0.118433 0.054534
0 0.755760 0.825572 0.105991 0.055964
0 0.451382 0.691585 0.154378 0.069853
0 0.661982 0.788705 0.123041 0.050041
0 0.702765 0.377757 0.159447 0.079861
0 0.465899 0.460376 0.164055 0.071487
0 0.776037 0.484681 0.137327 0.060866
0 0.559677 0.734273 0.159908 0.072712
0 0.471429 0.577512 0.110599 0.047181
0 0.506912 0.758374 0.151152 0.058824
0 0.456221 0.342422 0.164055 0.063930
0 0.751152 0.445057 0.128111 0.036356
0 0.708295 0.627145 0.147465 0.056985
0 0.820046 0.548917 0.088940 0.037377
0 0.800230 0.520016 0.097235 0.037173
0 0.373041 0.339767 0.051152 0.059436
0 0.427189 0.532884 0.098618 0.044935
1 0.696544 0.426062 0.121198 0.036356
0 0.515207 0.628676 0.148387 0.067810
0 0.725806 0.891033 0.165899 0.078227
0 0.686636 0.889400 0.079263 0.035743