1 0.428513 0.360600 0.141340 0.211397
0 0.600899 0.582414 0.058824 0.103554
1 0.255617 0.391544 0.075776 0.137868
0 0.407986 0.521599 0.076593 0.109375
0 0.549837 0.615809 0.080474 0.119485
0 0.506230 0.471048 0.092116 0.135723
1 0.474673 0.645987 0.075572 0.146752
0 0.537377 0.729779 0.070670 0.114583
0 0.356618 0.683670 0.071895 0.097120
0 0.646446 0.663450 0.060458 0.096507
1 0.335886 0.306832 0.106005 0.128983
0 0.603758 0.688879 0.067402 0.097733
0 0.412990 0.723192 0.069036 0.094669
0 0.349163 0.574449 0.083946 0.116422
0 0.460376 0.543199 0.057598 0.103554
0 0.302288 0.634038 0.057190 0.101409
1 0.338542 0.435049 0.097835 0.153799
0 0.415135 0.629596 0.065155 0.099877
0 0.283803 0.490043 0.080270 0.143076
0 0.518076 0.553002 0.056168 0.055147
0 0.513685 0.350184 0.028186 0.098652
0 0.598550 0.751991 0.052083 0.051164