1 0.698427 0.448223 0.137459 0.212010
0 0.724367 0.613971 0.092525 0.134191
1 0.662275 0.737898 0.108047 0.108150
1 0.564747 0.631127 0.119690 0.174632
0 0.576287 0.764400 0.079453 0.098652
0 0.806883 0.530178 0.096201 0.125919
0 0.519608 0.187040 0.069036 0.094669
0 0.485192 0.346048 0.076185 0.111213
0 0.503166 0.457261 0.081904 0.122855
0 0.797794 0.439185 0.059232 0.070159
0 0.529105 0.276808 0.072508 0.090380
0 0.614992 0.431219 0.041667 0.082414
0 0.509906 0.691176 0.056168 0.086397
0 0.360090 0.401808 0.079248 0.113664
0 0.366524 0.199449 0.072917 0.072304
1 0.796160 0.663756 0.117647 0.166360
0 0.565257 0.365502 0.085580 0.125000
1 0.677185 0.664828 0.101511 0.130515
0 0.528186 0.528493 0.066585 0.083333
0 0.630106 0.555453 0.073938 0.104167
0 0.457108 0.513940 0.069036 0.117953
0 0.475490 0.217065 0.066585 0.093444
0 0.447100 0.282782 0.055556 0.085784
0 0.424939 0.393689 0.057394 0.096201
0 0.390829 0.296415 0.078227 0.116728
0 0.374387 0.477328 0.056373 0.074142
0 0.327206 0.314491 0.063317 0.100797
0 0.586499 0.484835 0.074142 0.111213
1 0.696487 0.354013 0.113971 0.062806
0 0.304739 0.457721 0.072712 0.112132
0 0.421875 0.223958 0.041871 0.051471
0 0.470588 0.590227 0.055556 0.062194
0 0.627655 0.345741 0.043709 0.092218
0 0.283292 0.309130 0.031863 0.083333
0 0.306985 0.377757 0.029412 0.046569
0 0.349060 0.246477 0.035539 0.056679
0 0.596814 0.336091 0.046977 0.099877