1 0.640638 0.176259 0.111234 0.093525
0 0.778918 0.524711 0.054369 0.069753
0 0.566713 0.325618 0.083218 0.088208
0 0.640083 0.465906 0.072399 0.084141
0 0.725104 0.772756 0.054924 0.072881
0 0.760333 0.551611 0.060472 0.068502
0 0.781692 0.789959 0.057143 0.069753
0 0.758391 0.435095 0.058807 0.071942
0 0.723578 0.617297 0.069626 0.081013
0 0.550485 0.170785 0.051318 0.046293
0 0.659639 0.756647 0.067129 0.065687
0 0.624411 0.633094 0.066019 0.075070
0 0.693204 0.266031 0.066019 0.087895
0 0.526907 0.243510 0.077947 0.104160
0 0.474064 0.392556 0.064910 0.076947
0 0.519279 0.428370 0.079889 0.090397
0 0.738558 0.734595 0.065187 0.057241
1 0.732455 0.269941 0.047434 0.105099
0 0.617337 0.540663 0.066852 0.072255
0 0.651040 0.335471 0.074341 0.081639
0 0.588350 0.718799 0.069903 0.073194
0 0.702080 0.461996 0.053814 0.065687
0 0.779334 0.601501 0.050763 0.062559
0 0.755062 0.694870 0.058252 0.068502
0 0.607074 0.395527 0.070180 0.083516
0 0.680999 0.811073 0.059917 0.068815
0 0.569071 0.485299 0.070180 0.082890
0 0.743135 0.846419 0.061581 0.074445
0 0.755062 0.363622 0.033842 0.069127
0 0.612899 0.235846 0.112899 0.126368
1 0.693481 0.373319 0.094868 0.125430
0 0.603190 0.673757 0.051872 0.065061
0 0.689875 0.534407 0.076560 0.086018
0 0.660333 0.693775 0.065742 0.071317
0 0.787101 0.859556 0.060194 0.063810
0 0.490707 0.335471 0.051595 0.067876
0 0.534674 0.355020 0.062968 0.065061
0 0.504022 0.294964 0.037171 0.021270
0 0.594868 0.588833 0.051872 0.037222
0 0.561165 0.533938 0.050485 0.040038
0 0.558391 0.564435 0.066019 0.052236
0 0.712067 0.660307 0.046602 0.046919
0 0.744799 0.653425 0.019972 0.019393