1 0.546569 0.684743 0.089461 0.079044
1 0.455065 0.634957 0.114788 0.163909
1 0.484273 0.462929 0.151144 0.227328
1 0.386336 0.477482 0.071283 0.163909
0 0.550347 0.261489 0.077410 0.119179
0 0.607945 0.326746 0.070466 0.108150
1 0.385519 0.335172 0.087623 0.135417
0 0.578125 0.436428 0.069240 0.130821
1 0.564032 0.592218 0.111315 0.161152
0 0.631332 0.419271 0.061275 0.106311
0 0.462623 0.334712 0.087418 0.093444
0 0.602022 0.512408 0.051266 0.086703
0 0.621528 0.257659 0.060049 0.082721
0 0.668607 0.353707 0.053309 0.089767
0 0.536560 0.350337 0.054739 0.059743
0 0.477431 0.278033 0.073734 0.076900