0 0.260474 0.812760 0.161749 0.117060
0 0.105100 0.703883 0.147541 0.099584
1 0.793989 0.563523 0.149727 0.105132
1 0.557923 0.538835 0.132969 0.092926
1 0.867395 0.461997 0.147177 0.122330
0 0.371585 0.718169 0.169035 0.137032
0 0.512022 0.751595 0.106740 0.065187
0 0.273770 0.931484 0.178871 0.115950
1 0.666302 0.415950 0.161749 0.136200
0 0.864481 0.678641 0.120947 0.079057
0 0.847359 0.593343 0.086703 0.065465
0 0.249362 0.662552 0.108197 0.092926
0 0.559016 0.685298 0.113297 0.098474
0 0.695628 0.533426 0.080510 0.061026
1 0.108743 0.860610 0.182514 0.153953
0 0.860656 0.742164 0.120583 0.068516
0 0.672678 0.690707 0.099454 0.077115
0 0.614754 0.722191 0.063752 0.042996
0 0.483424 0.676976 0.074317 0.084050
1 0.676503 0.508460 0.155191 0.093204
1 0.606740 0.619140 0.159927 0.114286
0 0.927505 0.645076 0.128233 0.101248