1 0.420667 0.438188 0.112286 0.141983
1 0.370627 0.397797 0.049634 0.095471
1 0.410903 0.300490 0.110659 0.138311
0 0.499593 0.347613 0.087876 0.095471
1 0.482506 0.276010 0.058584 0.079559
1 0.519528 0.205018 0.100081 0.123623
0 0.547193 0.261322 0.069162 0.086903
1 0.457689 0.511016 0.095199 0.086903
0 0.506103 0.435129 0.071603 0.089351
0 0.538649 0.399021 0.035801 0.051408
1 0.671684 0.447980 0.062653 0.053856
1 0.651343 0.358629 0.091945 0.124847
0 0.707893 0.350673 0.048820 0.091799
0 0.737998 0.292534 0.084622 0.088127
1 0.631001 0.312729 0.085435 0.113831
1 0.676159 0.286414 0.043938 0.053856
0 0.751017 0.351897 0.050448 0.067319
0 0.827502 0.495104 0.058584 0.089351
0 0.879984 0.509792 0.070789 0.089351
0 0.849064 0.419217 0.069162 0.089351
0 0.897478 0.367197 0.074858 0.075887
0 0.932872 0.314565 0.048007 0.058752