0 0.566074 0.630362 0.067606 0.121630
0 0.599571 0.238511 0.087214 0.145527
0 0.523693 0.543045 0.070670 0.103860
0 0.614379 0.555453 0.071078 0.113358
0 0.705678 0.415594 0.071078 0.106924
0 0.648591 0.365043 0.063113 0.093444
0 0.668607 0.475337 0.082721 0.113051
0 0.584150 0.477328 0.077206 0.112132
0 0.665952 0.292433 0.076593 0.121017
0 0.549837 0.247702 0.037990 0.109375
1 0.494383 0.629902 0.065972 0.082721
0 0.515931 0.611979 0.035539 0.049939
0 0.531863 0.388327 0.086601 0.122855