0 0.573121 0.569700 0.142157 0.190870
0 0.367545 0.903493 0.100694 0.186887
1 0.547794 0.476103 0.108252 0.120098
0 0.436989 0.912224 0.090482 0.152267
0 0.314645 0.742800 0.110090 0.162684
1 0.421160 0.503983 0.145016 0.215686
0 0.470282 0.711397 0.135417 0.212623
0 0.599265 0.683211 0.113562 0.136642
0 0.407475 0.754289 0.081291 0.168505
0 0.506944 0.829350 0.094771 0.112745
1 0.479677 0.568321 0.036152 0.068627
1 0.490196 0.397059 0.083742 0.089461
0 0.405842 0.645067 0.036765 0.058517