1 0.867990 0.778551 0.128040 0.179356
0 0.417122 0.669107 0.098759 0.136164
0 0.300000 0.804173 0.094789 0.126647
0 0.217122 0.732430 0.083871 0.113470
0 0.537469 0.756955 0.097270 0.156662
0 0.509429 0.884334 0.092804 0.128843
1 0.786600 0.700586 0.114144 0.181552
0 0.901737 0.587482 0.097270 0.170571
1 0.800248 0.518668 0.114640 0.174963
0 0.608933 0.851025 0.103226 0.088580
1 0.274194 0.645681 0.127543 0.187408
0 0.352357 0.673133 0.054591 0.150073
0 0.385608 0.853587 0.111166 0.131772
0 0.437221 0.801977 0.113151 0.141288
0 0.620347 0.753294 0.080397 0.120059