0 0.306020 0.464614 0.131978 0.156556
0 0.242089 0.575827 0.126576 0.141238
0 0.526370 0.511949 0.128634 0.133578
0 0.437484 0.562194 0.094932 0.075980
0 0.384487 0.359681 0.094417 0.098652
0 0.409442 0.478554 0.103164 0.157475
0 0.543221 0.606158 0.092359 0.089767
0 0.534345 0.211091 0.127090 0.143995
1 0.194109 0.422641 0.142269 0.166973
1 0.641240 0.476409 0.122202 0.166054
0 0.566761 0.354626 0.158992 0.197610
0 0.188449 0.540288 0.057371 0.058517
0 0.292642 0.667433 0.123746 0.143076
0 0.301904 0.376532 0.064574 0.030637
0 0.462310 0.431832 0.035503 0.057904