0 0.606490 0.600551 0.095575 0.202479
0 0.812389 0.606749 0.074926 0.188705
1 0.652950 0.857094 0.102360 0.245868
1 0.824484 0.903237 0.089086 0.181129
0 0.555752 0.784091 0.099705 0.207300
0 0.693805 0.615702 0.074336 0.183196
1 0.599115 0.361570 0.110914 0.254821
0 0.885251 0.608127 0.072566 0.183196
0 0.856047 0.381198 0.102065 0.251377
1 0.895280 0.786501 0.092035 0.177686
1 0.805457 0.692837 0.097050 0.201102
0 0.536726 0.609504 0.056932 0.146006
0 0.629941 0.500689 0.038643 0.074380
0 0.908850 0.470730 0.057817 0.149449
0 0.938348 0.631887 0.062537 0.160468
0 0.960324 0.234160 0.066372 0.179063
0 0.721534 0.512052 0.067257 0.146694
0 0.967109 0.406680 0.063422 0.163223