0 0.321990 0.408537 0.047120 0.069106
0 0.324607 0.470867 0.038394 0.071816
0 0.354276 0.468835 0.045375 0.067751
0 0.370419 0.519648 0.044503 0.066396
0 0.367801 0.388211 0.042757 0.066396
0 0.366928 0.355691 0.041012 0.047425
0 0.394852 0.467480 0.032286 0.067751
0 0.421030 0.473577 0.053229 0.082656
0 0.459424 0.508130 0.054974 0.084011
0 0.461606 0.442412 0.040140 0.052846
0 0.438482 0.392276 0.053229 0.085366
0 0.435428 0.345528 0.041885 0.046070
0 0.454188 0.349593 0.025305 0.051491
0 0.489965 0.569783 0.053229 0.098916
0 0.509599 0.509485 0.047120 0.070461
0 0.482548 0.333333 0.040140 0.070461
0 0.540140 0.517615 0.052356 0.084011
0 0.548866 0.500000 0.050611 0.070461
0 0.557155 0.436992 0.053229 0.058266
0 0.521379 0.376016 0.032286 0.044715
0 0.511344 0.352304 0.031414 0.037940
0 0.524433 0.313008 0.048866 0.075881
0 0.513089 0.247290 0.045375 0.085366
0 0.565881 0.264905 0.056719 0.090786
0 0.537522 0.212737 0.047120 0.086721
0 0.580716 0.174119 0.053229 0.093496
0 0.594241 0.204607 0.050611 0.078591
0 0.576353 0.319783 0.047993 0.065041
0 0.620419 0.336721 0.059337 0.074526
0 0.581588 0.394309 0.046248 0.062331
0 0.632199 0.387534 0.056719 0.089431
0 0.631763 0.472222 0.034904 0.082656
0 0.672339 0.524390 0.058464 0.084011
0 0.669284 0.451897 0.057592 0.090786
0 0.689354 0.359756 0.061082 0.090786
0 0.724695 0.411247 0.061955 0.085366
0 0.727312 0.496612 0.065445 0.085366