0 0.173664 0.546561 0.328244 0.155358
0 0.630248 0.454375 0.212786 0.083294
0 0.796279 0.362658 0.291031 0.116986
1 0.159351 0.327562 0.179389 0.065512
0 0.081584 0.076275 0.157443 0.131025
0 0.229485 0.217361 0.434160 0.179223
1 0.766698 0.580019 0.317748 0.170800
0 0.072996 0.405475 0.142176 0.119326
1 0.139790 0.924661 0.264313 0.148807
0 0.037691 0.300889 0.075382 0.115115
0 0.072519 0.718765 0.141221 0.105756
0 0.251908 0.706130 0.223282 0.106692
0 0.241412 0.610669 0.339695 0.131025
0 0.489504 0.232803 0.330153 0.169864