0 0.408343 0.473992 0.078563 0.125271
0 0.324300 0.549632 0.129111 0.191591
1 0.345006 0.747291 0.092570 0.130906
0 0.322625 0.858257 0.095311 0.132640
0 0.239799 0.433680 0.118453 0.150412
0 0.255938 0.749025 0.109927 0.136107
0 0.137180 0.782835 0.131851 0.187256
0 0.234166 0.833984 0.077954 0.071955
1 0.361602 0.358041 0.157430 0.204595
1 0.197320 0.598179 0.141900 0.209796
0 0.064708 0.625921 0.120889 0.166450
0 0.259896 0.647594 0.038063 0.080624
0 0.202954 0.349588 0.112363 0.169484
1 0.310597 0.306675 0.101705 0.133940