0 0.183183 0.471434 0.102853 0.093711
0 0.844970 0.161940 0.094595 0.097000
1 0.748498 0.433005 0.088589 0.108097
0 0.725038 0.161940 0.088213 0.100288
1 0.457207 0.399301 0.135135 0.139334
0 0.203453 0.358816 0.109610 0.120838
1 0.190878 0.714139 0.125000 0.140978
1 0.330143 0.354090 0.132508 0.140978
0 0.086899 0.762228 0.107733 0.122894
0 0.298799 0.484381 0.078829 0.094945
0 0.115616 0.423757 0.116366 0.108508
0 0.490616 0.718455 0.125375 0.137279
0 0.144332 0.537197 0.105480 0.105220
0 0.777027 0.345253 0.096096 0.101110
0 0.378566 0.791615 0.117492 0.137279
0 0.347410 0.739416 0.089715 0.078093
0 0.442380 0.674887 0.068694 0.085491
1 0.415728 0.275175 0.125751 0.145910
0 0.847973 0.396013 0.108108 0.092478
1 0.778153 0.103987 0.099099 0.107686
1 0.834459 0.284217 0.127628 0.126182
0 0.906344 0.345458 0.074700 0.074394
0 0.089339 0.472256 0.063814 0.065762
0 0.320008 0.266338 0.068694 0.073983
1 0.780781 0.228935 0.080330 0.101932
1 0.890203 0.075627 0.127252 0.149610
0 0.892267 0.212495 0.142643 0.124127
0 0.922673 0.146116 0.049550 0.035758