0 0.761625 0.316697 0.067961 0.118875
1 0.404701 0.298775 0.059785 0.112976
0 0.747701 0.178539 0.062596 0.109347
0 0.692131 0.306715 0.066939 0.124319
1 0.484032 0.355717 0.047266 0.097096
1 0.732754 0.360708 0.047522 0.063521
0 0.761369 0.137250 0.051610 0.099365
0 0.446219 0.355490 0.041134 0.081216
0 0.858329 0.213702 0.047777 0.083485
0 0.780020 0.263838 0.038324 0.063975
1 0.405468 0.381806 0.044456 0.067604
1 0.468447 0.271552 0.064640 0.112069
1 0.496806 0.249773 0.052887 0.099365
0 0.652402 0.207577 0.055953 0.104809
0 0.649719 0.312160 0.020439 0.058076
1 0.692003 0.208711 0.036536 0.065336
0 0.694686 0.181261 0.039857 0.038566
0 0.871998 0.111842 0.063362 0.106624
0 0.870082 0.182169 0.044200 0.063975
0 0.944558 0.123185 0.064384 0.110254
0 0.958738 0.194873 0.065662 0.093013
0 0.920797 0.089837 0.046500 0.094374