1 0.090315 0.469133 0.129298 0.109895
0 0.635593 0.327715 0.099274 0.092382
0 0.369007 0.375657 0.144310 0.131349
0 0.519370 0.372373 0.148668 0.130911
0 0.568039 0.190455 0.117191 0.105954
0 0.304600 0.290061 0.121065 0.088879
0 0.958838 0.194834 0.079419 0.091944
0 0.450363 0.232487 0.129782 0.118214
0 0.748910 0.240806 0.095400 0.084939
0 0.764407 0.136602 0.105085 0.105954
0 0.903874 0.132881 0.093462 0.105517
1 0.041889 0.386821 0.083777 0.112522
1 0.109201 0.357706 0.114770 0.098949
1 0.424697 0.302758 0.119128 0.112522
1 0.536804 0.406743 0.147700 0.101576
0 0.818644 0.241462 0.046005 0.047723
0 0.813075 0.209939 0.104600 0.080998
0 0.904843 0.085595 0.089588 0.066988