1 0.250734 0.537987 0.124120 0.140287
1 0.375880 0.553316 0.120305 0.134289
0 0.615464 0.472509 0.102993 0.099300
0 0.625293 0.327224 0.112089 0.110630
0 0.526702 0.289570 0.087441 0.097967
0 0.268339 0.370210 0.097711 0.114628
0 0.484888 0.442852 0.090669 0.085971
0 0.535505 0.375208 0.097418 0.122626
1 0.212881 0.432356 0.114143 0.118960
0 0.320863 0.336888 0.083627 0.101966
1 0.342723 0.466844 0.129695 0.146618
1 0.428697 0.334555 0.136737 0.182606
0 0.443515 0.251583 0.099472 0.072642