1 0.132365 0.593750 0.098467 0.145833
1 0.210654 0.670833 0.112994 0.127083
1 0.218321 0.558854 0.094431 0.111458
1 0.265940 0.614583 0.042776 0.035417
1 0.258273 0.489583 0.138822 0.177083
1 0.276433 0.366667 0.099274 0.104167
1 0.347861 0.431771 0.096852 0.153125
1 0.311542 0.565625 0.109766 0.114583
1 0.433414 0.429167 0.092010 0.127083
1 0.471751 0.617188 0.110573 0.130208
1 0.518967 0.507812 0.103309 0.130208
1 0.544794 0.442188 0.083939 0.082292
1 0.609766 0.560937 0.112187 0.126042
1 0.558515 0.588542 0.075868 0.102083
1 0.558111 0.664583 0.107345 0.102083
1 0.664245 0.584896 0.080710 0.092708
1 0.671106 0.470313 0.086360 0.140625
0 0.778450 0.533854 0.073446 0.084375
1 0.804278 0.435417 0.099274 0.122917