0 0.093080 0.366146 0.057439 0.094792
1 0.146367 0.383333 0.083737 0.131250
0 0.184429 0.444271 0.038062 0.057292
0 0.228720 0.413021 0.062976 0.098958
1 0.210381 0.334896 0.089965 0.128125
1 0.237370 0.493750 0.081661 0.114583
1 0.288581 0.545312 0.080277 0.117708
1 0.341522 0.576562 0.071280 0.121875
1 0.403460 0.597917 0.092734 0.125000
1 0.287889 0.314063 0.073356 0.144792
0 0.349481 0.269792 0.063668 0.083333
1 0.387889 0.263542 0.069896 0.093750
0 0.388581 0.319792 0.050519 0.064583
1 0.331142 0.354167 0.074048 0.112500
1 0.388235 0.400521 0.069204 0.107292
1 0.434602 0.506771 0.106574 0.153125
1 0.469896 0.601562 0.044291 0.059375
1 0.516609 0.567187 0.108651 0.128125
1 0.473702 0.386979 0.108651 0.148958
1 0.455017 0.318229 0.111419 0.117708
1 0.552249 0.454688 0.096886 0.146875
1 0.556401 0.332813 0.107958 0.148958
1 0.538754 0.243750 0.096194 0.104167
1 0.602768 0.327604 0.040138 0.142708
1 0.608651 0.457813 0.064360 0.144792
1 0.627336 0.598958 0.097578 0.133333
0 0.649827 0.503125 0.048443 0.064583
1 0.702422 0.538542 0.085813 0.145833
1 0.738754 0.411979 0.079585 0.128125
1 0.778547 0.372396 0.080277 0.138542