0 0.426062 0.264093 0.079248 0.121324
0 0.406454 0.366422 0.058007 0.095588
0 0.486928 0.449755 0.076797 0.120098
0 0.442402 0.579044 0.084150 0.126225
0 0.416667 0.662990 0.060458 0.098039
0 0.474265 0.649510 0.071078 0.112745
0 0.493056 0.712010 0.031863 0.051471
0 0.538399 0.691789 0.081699 0.136029
0 0.564951 0.810049 0.062908 0.107843
0 0.627042 0.773284 0.053105 0.117647
0 0.516340 0.504289 0.066993 0.109069
0 0.575572 0.533701 0.074346 0.128676
0 0.642565 0.487132 0.085784 0.136029
0 0.598856 0.404412 0.063725 0.093137
0 0.611520 0.312500 0.072712 0.095588
0 0.556781 0.256740 0.072712 0.131127