0 0.332192 0.364699 0.045988 0.055351
0 0.353718 0.320418 0.045988 0.060271
0 0.347358 0.303198 0.046967 0.043050
0 0.381115 0.271218 0.047945 0.050431
0 0.386497 0.299508 0.039139 0.052891
0 0.409980 0.309348 0.048924 0.057811
0 0.373777 0.362854 0.041096 0.036900
0 0.376223 0.392374 0.049902 0.061501
0 0.402153 0.405289 0.039139 0.060271
0 0.434932 0.396679 0.040117 0.050431
0 0.419765 0.367774 0.029354 0.027060
0 0.454012 0.322263 0.041096 0.051661
0 0.472603 0.343788 0.045010 0.052891
0 0.495108 0.298278 0.041096 0.055351
0 0.450098 0.365929 0.029354 0.038130
0 0.390411 0.480320 0.056751 0.065191
0 0.365460 0.531365 0.059687 0.061501
0 0.346869 0.558426 0.049902 0.049200
0 0.343444 0.608241 0.046967 0.057811
0 0.381115 0.627306 0.036204 0.044280
0 0.399217 0.575646 0.054795 0.066421
0 0.415851 0.626691 0.037182 0.050431
0 0.436399 0.610086 0.048924 0.063961
0 0.463307 0.596556 0.042074 0.061501
0 0.510274 0.576876 0.055773 0.071341
0 0.557730 0.613776 0.046967 0.061501
0 0.481898 0.691882 0.047945 0.067651
0 0.416830 0.734932 0.050881 0.060271
0 0.461840 0.790898 0.048924 0.068881
0 0.500978 0.754613 0.046967 0.062731
0 0.529843 0.713407 0.049902 0.073801
0 0.569472 0.672202 0.054795 0.065191