0 0.422386 0.219363 0.060458 0.090686
0 0.403595 0.268382 0.037582 0.066176
0 0.444853 0.274510 0.062908 0.088235
0 0.488971 0.297794 0.044935 0.058824
0 0.482843 0.219975 0.065359 0.099265
0 0.519608 0.291054 0.021242 0.030637
0 0.444853 0.351716 0.046569 0.056373
0 0.461601 0.373775 0.057190 0.080882
0 0.415033 0.407475 0.053922 0.074755
0 0.439134 0.469363 0.062908 0.095588
0 0.457108 0.529412 0.051471 0.078431
1 0.412173 0.525123 0.043301 0.072304
0 0.522059 0.367647 0.050654 0.075980
0 0.538399 0.440564 0.065359 0.087010
0 0.531046 0.390319 0.042484 0.045343
0 0.590686 0.463848 0.058824 0.087010
0 0.595180 0.373775 0.062908 0.095588
0 0.651961 0.373775 0.058824 0.090686
0 0.613971 0.270833 0.049837 0.080882
0 0.565768 0.319240 0.046569 0.072304