0 0.382761 0.392157 0.074346 0.110294
0 0.424020 0.326593 0.083333 0.123775
0 0.499183 0.352941 0.073529 0.112745
0 0.482026 0.265931 0.081699 0.110294
0 0.544526 0.218137 0.054739 0.080882
0 0.552696 0.331495 0.046569 0.072304
0 0.598856 0.284926 0.052288 0.082108
0 0.653595 0.256740 0.068627 0.060049
0 0.657271 0.306373 0.066176 0.102941
0 0.674428 0.392770 0.064542 0.091912
0 0.616013 0.425245 0.068627 0.098039
0 0.568219 0.373775 0.058007 0.075980
0 0.553922 0.439338 0.068627 0.099265
0 0.455065 0.467525 0.068627 0.099265
0 0.517157 0.534314 0.062092 0.105392
0 0.578431 0.559436 0.070261 0.118873
0 0.571487 0.615809 0.059641 0.069853
1 0.535539 0.657475 0.056373 0.089461