0 0.113246 0.125000 0.044971 0.094828
0 0.104252 0.194828 0.048242 0.089655
0 0.143500 0.168966 0.043336 0.068966
0 0.152494 0.357759 0.041701 0.081034
0 0.184383 0.312069 0.049877 0.089655
0 0.197056 0.260345 0.037612 0.065517
0 0.208504 0.328448 0.021259 0.046552
1 0.230581 0.279310 0.040883 0.093103
1 0.252249 0.331897 0.061325 0.101724
0 0.265740 0.354310 0.045789 0.094828
0 0.284955 0.394828 0.033524 0.075862
0 0.271464 0.240517 0.045789 0.098276
1 0.314800 0.293103 0.065413 0.120690
1 0.311529 0.360345 0.037612 0.048276
0 0.205233 0.229310 0.029436 0.048276
0 0.232625 0.214655 0.031889 0.056897
0 0.183974 0.128448 0.034342 0.025862
0 0.218316 0.104310 0.031071 0.077586
1 0.262878 0.113793 0.043336 0.110345
0 0.294767 0.111207 0.040065 0.077586
1 0.289452 0.157759 0.052330 0.084483
0 0.363859 0.117241 0.052330 0.117241
0 0.382666 0.187069 0.042518 0.101724
1 0.413737 0.164655 0.031071 0.077586
0 0.375307 0.316379 0.039248 0.081034
0 0.409648 0.275000 0.031071 0.077586