1 0.603078 0.251678 0.060634 0.097987
1 0.803172 0.306711 0.087687 0.127517
1 0.771922 0.314094 0.064366 0.142282
0 0.913246 0.313423 0.065299 0.095302
0 0.901586 0.408054 0.028918 0.072483
0 0.851213 0.395973 0.096082 0.131544
1 0.754664 0.406711 0.076493 0.099329
1 0.700093 0.428188 0.040112 0.067114
1 0.652985 0.444295 0.076493 0.104698
0 0.716418 0.304027 0.041045 0.060403
0 0.678638 0.330201 0.043843 0.053691
0 0.717351 0.371812 0.054104 0.077852
1 0.604478 0.348993 0.074627 0.096644
1 0.576959 0.410738 0.077425 0.112752
0 0.496269 0.614765 0.055970 0.069799
1 0.511194 0.476510 0.078358 0.104698
0 0.464086 0.423490 0.060634 0.079195
1 0.474347 0.349664 0.075560 0.068456
1 0.431437 0.409396 0.055037 0.104698