1 0.270016 0.578431 0.075980 0.107843
0 0.272059 0.483456 0.058824 0.082108
0 0.488562 0.599265 0.063725 0.090686
0 0.448938 0.543505 0.058007 0.094363
0 0.459559 0.482843 0.053105 0.080882
0 0.511438 0.481005 0.060458 0.091912
0 0.631536 0.522672 0.066993 0.099265
0 0.678513 0.558211 0.056373 0.084559
1 0.672794 0.449142 0.077614 0.106618
0 0.631536 0.432598 0.047386 0.078431
0 0.710376 0.421569 0.043301 0.071078
0 0.735294 0.490809 0.063725 0.096814
0 0.747958 0.448529 0.040033 0.026961
1 0.746732 0.596201 0.078431 0.121324
1 0.794526 0.689951 0.080882 0.098039
1 0.823938 0.617647 0.079248 0.102941