0 0.408497 0.617647 0.042484 0.066176
0 0.383987 0.604779 0.044118 0.067402
0 0.446078 0.574142 0.053922 0.084559
0 0.419526 0.511029 0.056373 0.083333
0 0.452206 0.419730 0.049837 0.087010
0 0.475490 0.439951 0.050654 0.083333
0 0.522059 0.476716 0.055556 0.083333
0 0.520833 0.568627 0.056373 0.080882
0 0.551471 0.564338 0.031046 0.062500
0 0.553922 0.499387 0.039216 0.067402
0 0.601307 0.487745 0.049020 0.061275
0 0.598856 0.544730 0.039216 0.057598
0 0.611928 0.557598 0.039216 0.058824