0 0.470588 0.476716 0.045752 0.071078
0 0.432598 0.435049 0.044935 0.066176
0 0.468137 0.413603 0.040850 0.055147
0 0.539624 0.487745 0.048203 0.056373
0 0.554330 0.500613 0.031863 0.055147
0 0.528186 0.445466 0.044935 0.064951
0 0.519199 0.394608 0.041667 0.056373
0 0.587010 0.469975 0.041667 0.057598
0 0.622549 0.457721 0.052288 0.074755
0 0.589461 0.414216 0.053105 0.080882
0 0.573529 0.343137 0.049020 0.078431
0 0.669935 0.431373 0.057190 0.068627
0 0.651552 0.395221 0.051471 0.057598
0 0.634395 0.339461 0.044935 0.071078
0 0.607843 0.370098 0.042484 0.044118