0 0.359886 0.423407 0.040033 0.023284
0 0.388889 0.397672 0.035948 0.052696
0 0.386029 0.478554 0.046569 0.069853
0 0.418709 0.437500 0.049837 0.073529
0 0.424428 0.344975 0.043301 0.067402
0 0.433007 0.485294 0.047386 0.063725
0 0.486928 0.469363 0.057190 0.085784
0 0.527369 0.498162 0.044935 0.072304
0 0.527369 0.417279 0.054739 0.079657
0 0.554330 0.452819 0.043301 0.040441
0 0.562092 0.406863 0.045752 0.071078
0 0.544118 0.337623 0.047386 0.069853
0 0.507353 0.361520 0.032680 0.044118