0 0.206699 0.678378 0.060458 0.091892
0 0.265523 0.807432 0.068627 0.106757
1 0.428513 0.761486 0.084150 0.128378
1 0.421977 0.629054 0.084150 0.141892
0 0.467729 0.674324 0.049837 0.097297
1 0.463644 0.854054 0.064542 0.108108
1 0.517157 0.828378 0.078431 0.129730
0 0.513072 0.738514 0.066993 0.098649
1 0.593546 0.820270 0.075980 0.110811
1 0.617239 0.700000 0.084150 0.154054
0 0.629493 0.632432 0.049837 0.048649
1 0.650327 0.759459 0.053922 0.124324
0 0.689134 0.827703 0.044935 0.095946
1 0.733252 0.851351 0.075980 0.118919
0 0.748366 0.798649 0.044118 0.062162
0 0.821078 0.729730 0.066993 0.108108