0 0.290500 0.393382 0.046650 0.068627
0 0.321883 0.360294 0.044953 0.061275
0 0.333757 0.406250 0.043257 0.055147
0 0.366412 0.372549 0.042409 0.063725
0 0.360051 0.414216 0.029686 0.056373
0 0.329092 0.466299 0.054283 0.072304
0 0.323155 0.543505 0.062765 0.087010
0 0.299406 0.572304 0.049194 0.066176
0 0.349025 0.568015 0.031383 0.047794
0 0.370229 0.520221 0.046650 0.072304
0 0.364716 0.452819 0.030534 0.045343
0 0.407973 0.437500 0.037320 0.049020
0 0.422816 0.489583 0.061917 0.087010
0 0.446989 0.424020 0.052587 0.071078
0 0.443596 0.386642 0.052587 0.052696
0 0.417303 0.569240 0.052587 0.072304
0 0.449958 0.528799 0.041561 0.042892
0 0.499152 0.542892 0.058524 0.083333
0 0.486853 0.624387 0.062765 0.084559
0 0.536047 0.567402 0.052587 0.080882
0 0.583969 0.530637 0.058524 0.083333
0 0.551739 0.422794 0.048346 0.063725
0 0.529686 0.443627 0.034775 0.061275
0 0.566582 0.394608 0.052587 0.071078
0 0.581001 0.459559 0.052587 0.075980
0 0.637405 0.444853 0.073791 0.107843
0 0.661154 0.379289 0.073791 0.096814
0 0.689992 0.437500 0.034775 0.051471
0 0.716285 0.423407 0.051739 0.069853
0 0.712468 0.489583 0.047498 0.060049
0 0.787956 0.463235 0.052587 0.068627
0 0.739186 0.686275 0.067006 0.085784
0 0.797286 0.655025 0.066158 0.087010
0 0.767600 0.588848 0.061069 0.087010
0 0.821459 0.509804 0.068702 0.085784
0 0.847328 0.543505 0.067854 0.091912