0 0.169526 0.312500 0.090686 0.120098
0 0.208333 0.371324 0.078431 0.098039
0 0.295343 0.387868 0.069444 0.099265
0 0.145833 0.271446 0.069444 0.082108
0 0.241013 0.232843 0.057190 0.085784
0 0.215278 0.179534 0.079248 0.111520
0 0.196487 0.236520 0.062908 0.080882
0 0.226716 0.138480 0.062908 0.058824
0 0.286765 0.162990 0.068627 0.115196
0 0.379085 0.202819 0.062092 0.091912
0 0.431781 0.237132 0.064542 0.094363
0 0.507761 0.494485 0.053105 0.069853
0 0.549837 0.475490 0.057190 0.085784
0 0.496324 0.417279 0.053105 0.072304
0 0.523693 0.398897 0.044118 0.062500
0 0.572304 0.398897 0.056373 0.082108
0 0.617647 0.399510 0.053922 0.078431