0 0.112867 0.039295 0.027088 0.029810
0 0.100451 0.054201 0.024831 0.027100
0 0.102709 0.074526 0.024831 0.029810
0 0.089165 0.085366 0.020316 0.035230
0 0.106095 0.104336 0.027088 0.029810
0 0.128668 0.089431 0.027088 0.032520
0 0.141084 0.089431 0.020316 0.032520
0 0.178330 0.135501 0.036117 0.037940
0 0.171558 0.120596 0.031603 0.024390
0 0.135440 0.157182 0.022573 0.032520
0 0.195260 0.170732 0.029345 0.037940
0 0.195260 0.201897 0.029345 0.029810
0 0.200903 0.228997 0.027088 0.029810
0 0.141084 0.233062 0.024831 0.032520
0 0.163657 0.261518 0.029345 0.040650
0 0.181716 0.247967 0.020316 0.024390
0 0.194131 0.245257 0.031603 0.029810
0 0.197517 0.272358 0.029345 0.029810
0 0.197517 0.300813 0.024831 0.027100
0 0.176072 0.314363 0.031603 0.043360