0 0.037102 0.762109 0.070671 0.066406
0 0.098498 0.784766 0.069788 0.061719
1 0.045053 0.846094 0.090106 0.101562
0 0.193905 0.564453 0.083922 0.072656
0 0.204947 0.491406 0.091873 0.076563
0 0.262809 0.468750 0.069788 0.065625
0 0.461572 0.532813 0.057420 0.050000
0 0.477915 0.487891 0.061837 0.055469
0 0.537986 0.483984 0.061837 0.057031
0 0.503534 0.457031 0.070671 0.056250
0 0.497792 0.533203 0.050353 0.049219
0 0.539311 0.574219 0.052120 0.045312
0 0.561837 0.539453 0.070671 0.061719
0 0.866166 0.537500 0.092756 0.075000
0 0.803004 0.498828 0.083039 0.069531
0 0.746025 0.568750 0.090989 0.084375
0 0.783127 0.564844 0.048587 0.075000
0 0.793286 0.542969 0.067138 0.053125
0 0.786219 0.644531 0.100707 0.085938
0 0.876767 0.667188 0.087456 0.071875