0 0.386284 0.497656 0.064478 0.043750
0 0.407386 0.552344 0.073857 0.048438
0 0.402110 0.511328 0.042204 0.024219
0 0.456624 0.494141 0.076202 0.047656
0 0.482415 0.482031 0.036342 0.026562
0 0.510551 0.510156 0.045721 0.029687
0 0.461313 0.533203 0.055100 0.036719
0 0.491794 0.528516 0.029308 0.036719
0 0.526964 0.532813 0.045721 0.032813
0 0.553927 0.492578 0.078546 0.053906
0 0.701641 0.551562 0.073857 0.046875
0 0.662954 0.530859 0.073857 0.049219
0 0.674678 0.574609 0.019930 0.021094
0 0.716295 0.589844 0.070340 0.037500
0 0.719226 0.525391 0.045721 0.030469
0 0.763189 0.547266 0.056272 0.022656