0 0.467578 0.323564 0.072656 0.107855
0 0.437891 0.304807 0.042969 0.089097
0 0.462109 0.395662 0.057031 0.073857
0 0.492188 0.404455 0.039062 0.039859
0 0.512891 0.384525 0.028906 0.070340
0 0.709375 0.350528 0.054688 0.075029
0 0.685156 0.340563 0.028125 0.019930
0 0.737500 0.415006 0.023438 0.053927
0 0.625000 0.516999 0.054688 0.065651
0 0.685547 0.532825 0.057031 0.071512
0 0.685937 0.612544 0.056250 0.087925
0 0.658594 0.679367 0.057813 0.087925
0 0.652344 0.570926 0.046875 0.077374
0 0.639453 0.630129 0.042969 0.052755
0 0.607031 0.658265 0.054688 0.076202
0 0.575000 0.596717 0.056250 0.077374
0 0.569922 0.662368 0.053906 0.079719
0 0.614453 0.715123 0.055469 0.086753