0 0.424219 0.345252 0.043750 0.066823
0 0.389062 0.398593 0.035937 0.053927
0 0.358984 0.422626 0.039844 0.024619
0 0.386328 0.478898 0.047656 0.069168
0 0.432422 0.484760 0.047656 0.064478
0 0.418359 0.436694 0.049219 0.071512
0 0.487891 0.470106 0.057031 0.084408
0 0.485156 0.511723 0.039062 0.031653
0 0.527734 0.498828 0.046094 0.073857
0 0.550000 0.526964 0.012500 0.017585
0 0.527734 0.416764 0.055469 0.080891
0 0.555078 0.453693 0.042969 0.042204
0 0.561719 0.406800 0.045312 0.072685
0 0.543750 0.335873 0.046875 0.069168
0 0.508984 0.359320 0.032031 0.050410