1 0.289844 0.729352 0.050000 0.086404
0 0.324609 0.702668 0.032031 0.050826
0 0.351953 0.745870 0.050781 0.081321
0 0.333203 0.699492 0.049219 0.074968
0 0.467187 0.365311 0.046875 0.072427
1 0.508984 0.406607 0.057031 0.091487
0 0.462891 0.489835 0.052344 0.080051
0 0.448437 0.544473 0.037500 0.057179
0 0.437500 0.576874 0.015625 0.048285
0 0.461328 0.585133 0.038281 0.062262
0 0.788672 0.387548 0.046094 0.071156
0 0.742969 0.557814 0.053125 0.081321
0 0.767578 0.486658 0.055469 0.081321
0 0.822266 0.662008 0.057031 0.078780
0 0.870313 0.609911 0.062500 0.094028
0 0.824219 0.603558 0.043750 0.066074
0 0.846484 0.526048 0.072656 0.109276
0 0.830078 0.432020 0.063281 0.099111