0 0.618406 0.357812 0.073857 0.048438
0 0.672333 0.387891 0.066823 0.046094
0 0.587925 0.414062 0.064478 0.050000
0 0.559789 0.371875 0.062134 0.042188
0 0.522274 0.406250 0.073857 0.050000
0 0.480657 0.377734 0.067995 0.041406
0 0.410317 0.398828 0.075029 0.047656
0 0.446073 0.416016 0.078546 0.052344
0 0.419109 0.446875 0.071512 0.046875
0 0.490035 0.447656 0.067995 0.045312
0 0.450762 0.456641 0.036342 0.030469
0 0.466589 0.494141 0.072685 0.044531
0 0.523447 0.521484 0.076202 0.049219
0 0.560961 0.498437 0.073857 0.046875
0 0.582649 0.479297 0.065651 0.039844
0 0.588511 0.519531 0.058617 0.040625
0 0.470692 0.533984 0.078546 0.039844
0 0.464830 0.561719 0.059789 0.042188
0 0.518171 0.569922 0.077374 0.049219
0 0.577960 0.568750 0.056272 0.045312
0 0.453107 0.607812 0.062134 0.045312
0 0.397421 0.600391 0.072685 0.047656
0 0.366354 0.585547 0.069168 0.041406
0 0.362251 0.627734 0.058617 0.044531
0 0.413247 0.639844 0.064478 0.046875
0 0.485932 0.635156 0.045721 0.031250
0 0.463072 0.671484 0.065651 0.049219
0 0.500000 0.684766 0.055100 0.030469
0 0.517585 0.651953 0.071512 0.046094
0 0.561547 0.681641 0.067995 0.049219
0 0.608441 0.673438 0.060961 0.050000
0 0.535756 0.703125 0.056272 0.043750
0 0.567409 0.708984 0.023447 0.017969