0 0.339453 0.462485 0.069531 0.111372
1 0.326953 0.527550 0.096094 0.145369
0 0.403516 0.561547 0.085156 0.112544
0 0.417578 0.458968 0.089844 0.137163
0 0.485938 0.512896 0.078125 0.118406
0 0.511328 0.441970 0.092969 0.140680
0 0.375000 0.364596 0.089063 0.128957
0 0.546094 0.336460 0.070312 0.105510
0 0.650781 0.209261 0.059375 0.097304
0 0.600391 0.243845 0.071094 0.107855
1 0.660156 0.358148 0.084375 0.080891
0 0.610938 0.448417 0.065625 0.113716
0 0.648828 0.529894 0.091406 0.138335
0 0.674219 0.427902 0.073438 0.110199
0 0.761719 0.405041 0.100000 0.151231