0 0.066916 0.437332 0.108137 0.130728
0 0.159529 0.471024 0.092077 0.106469
0 0.079764 0.320081 0.093148 0.111860
0 0.141328 0.234501 0.085653 0.107817
0 0.131156 0.384097 0.082441 0.123989
0 0.216274 0.407682 0.087794 0.076819
0 0.206638 0.338275 0.100642 0.123989
0 0.263919 0.488544 0.091006 0.109164
0 0.308887 0.547170 0.088865 0.105121
0 0.391863 0.421159 0.104925 0.130728
0 0.373662 0.240566 0.100642 0.130728
0 0.505889 0.152965 0.099572 0.133423
0 0.526767 0.268868 0.096360 0.119946
0 0.551927 0.189353 0.056745 0.082210
0 0.569058 0.102426 0.076017 0.094340
0 0.638651 0.081536 0.073876 0.101078
1 0.624732 0.336927 0.144540 0.164420
0 0.608672 0.415768 0.080300 0.055256
0 0.457173 0.518868 0.079229 0.099730
0 0.523019 0.479784 0.080300 0.110512
0 0.561028 0.518194 0.036403 0.041779
0 0.602784 0.493261 0.089936 0.105121
0 0.665418 0.545822 0.082441 0.091644
0 0.642398 0.461590 0.059957 0.087601
0 0.718951 0.473046 0.082441 0.097035
0 0.716274 0.377358 0.077088 0.088949
0 0.780514 0.326146 0.092077 0.110512