0 0.420868 0.045312 0.046893 0.035937
0 0.486518 0.344141 0.098476 0.066406
0 0.417351 0.340234 0.067995 0.050781
0 0.482415 0.311328 0.080891 0.027344
0 0.428488 0.416406 0.085580 0.054688
0 0.402110 0.476562 0.093787 0.054688
0 0.528722 0.503125 0.082063 0.035937
0 0.481829 0.547656 0.065651 0.056250
0 0.540445 0.545703 0.079719 0.061719
0 0.454865 0.627734 0.046893 0.038281
0 0.467761 0.663672 0.063306 0.057031
0 0.528136 0.663281 0.064478 0.021875
0 0.490621 0.691406 0.066823 0.042188
0 0.559789 0.716797 0.083236 0.058594
0 0.592614 0.766797 0.078546 0.063281
0 0.671161 0.738281 0.106682 0.079687
0 0.733880 0.680469 0.112544 0.065625
0 0.721571 0.600391 0.097304 0.066406
0 0.797773 0.557422 0.097304 0.063281
0 0.735639 0.535547 0.087925 0.058594
0 0.729191 0.565625 0.051583 0.021875
0 0.660023 0.512891 0.053927 0.033594
0 0.675850 0.474609 0.080891 0.053906
0 0.730950 0.489063 0.097304 0.056250
0 0.762016 0.414844 0.100821 0.067187