0 0.284452 0.316016 0.090695 0.061719
0 0.389282 0.348047 0.088339 0.053906
0 0.230271 0.373828 0.078916 0.050781
0 0.209658 0.433984 0.073027 0.044531
0 0.211425 0.407031 0.060071 0.021875
0 0.150177 0.425781 0.076561 0.050000
0 0.221437 0.459375 0.080094 0.040625
0 0.276207 0.527344 0.067138 0.042188
0 0.309187 0.583203 0.097762 0.060156
0 0.318610 0.637109 0.083628 0.053906
0 0.303298 0.675000 0.069494 0.040625
0 0.281508 0.717969 0.056537 0.050000
0 0.311543 0.754687 0.071849 0.045312
0 0.339812 0.762500 0.060071 0.051562
0 0.398115 0.754297 0.077739 0.063281
0 0.334511 0.717578 0.080094 0.057031
0 0.367491 0.705859 0.075383 0.060156
1 0.414605 0.675781 0.070671 0.053125
0 0.350412 0.671484 0.031802 0.022656