0 0.138771 0.642023 0.091102 0.059663
0 0.200212 0.653696 0.095339 0.057069
0 0.255297 0.665370 0.086864 0.057069
0 0.334746 0.668612 0.076271 0.035019
0 0.349576 0.699741 0.110169 0.063554
0 0.233051 0.738003 0.097458 0.062257
0 0.156780 0.774968 0.105932 0.066148
0 0.301907 0.776913 0.091102 0.059663
0 0.350636 0.747730 0.095339 0.050584
0 0.378178 0.800259 0.103814 0.067445
0 0.221398 0.892996 0.086864 0.053178
0 0.276483 0.865110 0.082627 0.054475
0 0.338983 0.852789 0.088983 0.050584
0 0.412076 0.845655 0.082627 0.054475
0 0.350636 0.881971 0.086864 0.028534