0 0.4625 0.596875 0.0640625 0.078125
0 0.74609375 0.48359375 0.065625 0.07890625
0 0.228125 0.26953125 0.0515625 0.07890625
0 0.77421875 0.5390625 0.0703125 0.0703125
0 0.0171875 0.8328125 0.034375 0.0796875
0 0.81640625 0.490625 0.04765625 0.0890625
0 0.30390625 0.29453125 0.04453125 0.05390625
0 0.25859375 0.3234375 0.04453125 0.0640625
0 0.15234375 0.48671875 0.04296875 0.0671875
0 0.12734375 0.590625 0.05390625 0.06953125
0 0.19609375 0.503125 0.05859375 0.065625
0 0.41328125 0.571875 0.0390625 0.06171875
0 0.36875 0.9546875 0.06484375 0.075