0 0.55 0.33203125 0.096875 0.07890625
0 0.38359375 0.2484375 0.05 0.04453125
0 0.20703125 0.55390625 0.08125 0.05625
0 0.19765625 0.425 0.0953125 0.0734375
0 0.49375 0.9234375 0.08515625 0.06015625
0 0.8625 0.8 0.08984375 0.06484375
0 0.0984375 0.4109375 0.11171875 0.08046875
0 0.52734375 0.86796875 0.0921875 0.06640625
0 0.615625 0.89765625 0.09140625 0.071875
0 0.53984375 0.05 0.10234375 0.08203125
0 0.05390625 0.3265625 0.10390625 0.08828125
0 0.209375 0.35390625 0.0984375 0.08046875
0 0.59453125 0.9609375 0.075 0.053125
0 0.5828125 0.9921875 0.07734375 0.015625
0 0.240625 0.46328125 0.08671875 0.065625
0 0.9171875 0.815625 0.084375 0.075
0 0.96171875 0.83984375 0.0703125 0.07265625
0 0.928125 0.88359375 0.10390625 0.071875
0 0.45703125 0.29140625 0.05078125 0.0359375
0 0.47890625 0.259375 0.0515625 0.0453125
0 0.3984375 0.29453125 0.0546875 0.0421875
0 0.43046875 0.25546875 0.0515625 0.040625
0 0.59609375 0.03046875 0.08515625 0.05234375