0 0.19453125 0.65234375 0.08203125 0.04140625
0 0.49296875 0.75234375 0.09921875 0.07890625
0 0.61796875 0.56953125 0.10859375 0.08203125
0 0.50078125 0.56875 0.13984375 0.109375
0 0.5625 0.23671875 0.12421875 0.08828125
0 0.30546875 0.3671875 0.13125 0.08828125
0 0.590625 0.7453125 0.1578125 0.10703125
0 0.58515625 0.315625 0.10859375 0.0875
0 0.22734375 0.26640625 0.1140625 0.084375
0 0.53359375 0.62109375 0.165625 0.12734375
0 0.30625 0.5859375 0.09375 0.06484375
0 0.3203125 0.7859375 0.10546875 0.071875
0 0.246875 0.33203125 0.121875 0.08203125
0 0.2390625 0.625 0.09609375 0.06796875
0 0.9265625 0.8453125 0.146875 0.11484375