0 0.41875 0.2234375 0.13671875 0.06875
0 0.92109375 0.16796875 0.0859375 0.04375
0 0.35703125 0.44765625 0.1328125 0.07109375
0 0.4125 0.51171875 0.0859375 0.08828125
0 0.56640625 0.44921875 0.1328125 0.08984375
0 0.5890625 0.4015625 0.11484375 0.07421875
0 0.5625 0.55546875 0.125 0.1015625
0 0.63125 0.5875 0.13515625 0.1109375
0 0.45 0.58125 0.1078125 0.08984375
0 0.375 0.57734375 0.09453125 0.08203125
0 0.43359375 0.28203125 0.13359375 0.065625
0 0.51015625 0.21796875 0.09453125 0.08515625
0 0.76484375 0.3984375 0.0640625 0.05078125
0 0.61875 0.5078125 0.0953125 0.08046875
0 0.92421875 0.1203125 0.0734375 0.04921875
0 0.86953125 0.14375 0.06875 0.0421875
0 0.89140625 0.11484375 0.065625 0.040625
0 0.525 0.296875 0.09296875 0.05390625