0 0.41953125 0.67265625 0.05 0.05859375
0 0.534375 0.27578125 0.0546875 0.04921875
0 0.50859375 0.346875 0.04296875 0.08125
0 0.59140625 0.43046875 0.06484375 0.05703125
0 0.62734375 0.36796875 0.0515625 0.08671875
0 0.87890625 0.3234375 0.04296875 0.0578125
0 0.56171875 0.33984375 0.075 0.1
0 0.30625 0.1765625 0.0671875 0.0859375
0 0.32578125 0.38125 0.059375 0.0875
0 0.36015625 0.5421875 0.05 0.07265625
0 0.2359375 0.38359375 0.05703125 0.084375
0 0.35859375 0.20390625 0.05546875 0.07421875
0 0.71953125 0.24375 0.0578125 0.075
0 0.79765625 0.3671875 0.06328125 0.09765625
0 0.90703125 0.25625 0.06015625 0.065625
0 0.28125 0.41171875 0.05390625 0.0765625
0 0.365625 0.62109375 0.078125 0.08515625
0 0.38046875 0.6359375 0.06171875 0.05625