0 0.265625 0.4453125 0.04921875 0.04375
0 0.34921875 0.45859375 0.07265625 0.05703125
0 0.2984375 0.421875 0.0828125 0.04921875
0 0.3234375 0.3765625 0.07421875 0.04140625
0 0.4578125 0.19921875 0.0921875 0.07265625
0 0.459375 0.28203125 0.10078125 0.07421875
0 0.54453125 0.1796875 0.09765625 0.075
0 0.8890625 0.38671875 0.10390625 0.0765625
0 0.6078125 0.1953125 0.0890625 0.08046875
0 0.92578125 0.44296875 0.090625 0.065625
0 0.85546875 0.20390625 0.07890625 0.0625
0 0.9859375 0.40234375 0.028125 0.0828125
0 0.6375 0.23671875 0.08359375 0.0671875