0 0.63125 0.08515625 0.090625 0.07265625
0 0.678125 0.04453125 0.10390625 0.06875
0 0.68984375 0.128125 0.09453125 0.07578125
0 0.6265625 0.1296875 0.09609375 0.06953125
0 0.3625 0.4609375 0.059375 0.05078125
0 0.234375 0.66484375 0.1140625 0.07734375
0 0.44140625 0.6375 0.10078125 0.0546875
0 0.5203125 0.63359375 0.096875 0.0453125
0 0.39921875 0.7 0.1078125 0.08046875
0 0.4859375 0.67265625 0.08984375 0.05546875
0 0.5734375 0.69765625 0.08203125 0.0734375
0 0.12734375 0.6671875 0.0765625 0.05625
0 0.67265625 0.875 0.09453125 0.06015625
0 0.490625 0.95 0.0625 0.04921875
0 0.66875 0.984375 0.09375 0.03125
0 0.7578125 0.0578125 0.0890625 0.0859375
0 0.76875 0.13125 0.1078125 0.07265625