0 0.4640625 0.5328125 0.1140625 0.10390625
0 0.75 0.47578125 0.09765625 0.06015625
0 0.82734375 0.43359375 0.059375 0.05859375
0 0.80078125 0.3625 0.07109375 0.0453125
0 0.275 0.5609375 0.10703125 0.09140625
0 0.34453125 0.51328125 0.1078125 0.0875
0 0.42109375 0.4109375 0.103125 0.07890625
0 0.31875 0.43046875 0.12890625 0.09375
0 0.52734375 0.5625 0.1 0.0859375
0 0.73828125 0.37421875 0.0765625 0.06796875
0 0.6515625 0.66328125 0.06171875 0.04921875
0 0.2828125 0.49296875 0.07890625 0.06484375