0 0.97734375 0.3078125 0.0453125 0.0375
0 0.7953125 0.31484375 0.06015625 0.053125
0 0.85546875 0.253125 0.0984375 0.05703125
0 0.77890625 0.23984375 0.0765625 0.06328125
0 0.4828125 0.33359375 0.1046875 0.06796875
0 0.38515625 0.4953125 0.1125 0.071875
0 0.42890625 0.44375 0.0921875 0.06484375
0 0.36171875 0.4171875 0.08515625 0.075
0 0.34140625 0.86640625 0.07890625 0.0671875
0 0.38046875 0.9359375 0.0828125 0.06015625
0 0.1625 0.31875 0.09921875 0.075
0 0.0921875 0.28203125 0.09921875 0.0875
0 0.17734375 0.2703125 0.1 0.08125
0 0.315625 0.4578125 0.0640625 0.05