0 0.7453125 0.25234375 0.05078125 0.0375
0 0.94375 0.17734375 0.07734375 0.05390625
0 0.67421875 0.21328125 0.0421875 0.0328125
0 0.6640625 0.16875 0.06171875 0.03203125
0 0.6125 0.1953125 0.059375 0.04765625
0 0.11484375 0.3703125 0.06015625 0.03671875
0 0.16015625 0.34921875 0.04296875 0.02421875
0 0.20625 0.32734375 0.0703125 0.04140625
0 0.09765625 0.321875 0.0484375 0.025
0 0.14140625 0.30625 0.0703125 0.0359375
0 0.46640625 0.39453125 0.06328125 0.046875
0 0.4484375 0.34375 0.06875 0.03984375
0 0.43515625 0.41875 0.08203125 0.06640625
0 0.38671875 0.34453125 0.07265625 0.04921875
0 0.3265625 0.54609375 0.05390625 0.05
0 0.3734375 0.51875 0.075 0.0578125
0 0.3359375 0.478125 0.0921875 0.06484375
0 0.43046875 0.48828125 0.09609375 0.07265625
0 0.49453125 0.53125 0.1015625 0.07578125