0 0.39765625 0.5625 0.16328125 0.121875
0 0.0375 0.496875 0.07421875 0.0625
0 0.2390625 0.32734375 0.10234375 0.071875
0 0.42109375 0.25546875 0.0734375 0.05390625
0 0.609375 0.4453125 0.11875 0.07421875
0 0.82109375 0.6703125 0.06875 0.0484375
0 0.0453125 0.46640625 0.0671875 0.04765625
0 0.26640625 0.51875 0.0828125 0.06796875
0 0.69921875 0.48046875 0.09921875 0.09453125
0 0.4109375 0.30859375 0.08828125 0.0546875
0 0.10078125 0.490625 0.0609375 0.05
0 0.96484375 0.48828125 0.0703125 0.05078125